 #  exciton energy  xx  yy  zz xy  xz  yz
         2.2814        11.8787        11.3597         0.0000         3.4601         0.0000         0.0000
         2.2815        11.6056        11.5801         0.0000        -3.5651         0.0000         0.0000
         2.4434         0.0909         0.1009         0.0000         0.0250         0.0000         0.0000
         2.4435         0.0746         0.0814         0.0000         0.0158         0.0000         0.0000
         2.4453         0.0049         0.0688         0.0000         0.0085         0.0000         0.0000
         2.4454         0.0081         0.0810         0.0000         0.0010         0.0000         0.0000
         2.6294         0.0009         0.0001         0.0000         0.0000         0.0000         0.0000
         2.6295         0.0001         0.0010         0.0000         0.0000         0.0000         0.0000
         2.7142         0.0001         0.0000         0.0000        -0.0000         0.0000         0.0000
         2.7143         0.0000         0.0000         0.0000         0.0000         0.0000         0.0000
         2.7170         0.0001         0.0000         0.0000         0.0000         0.0000         0.0000
         2.7171         0.0000         0.0000         0.0000         0.0000         0.0000         0.0000
         3.0404         0.0006         0.0000         0.0000         0.0001         0.0000         0.0000
         3.0405         0.0001         0.0004         0.0000         0.0001         0.0000         0.0000
         3.0653         0.0017         0.0000         0.0000        -0.0002         0.0000         0.0000
         3.0654         0.0002         0.0005         0.0000         0.0004         0.0000         0.0000
         3.0744         0.0000         0.0004         0.0000         0.0000         0.0000         0.0000
         3.0745         0.0001         0.0005         0.0000         0.0001         0.0000         0.0000
         3.1560         0.0007         0.0008         0.0000         0.0007         0.0000         0.0000
         3.1561         0.0006         0.0009         0.0000        -0.0007         0.0000         0.0000
         3.1645         0.0015         0.0002         0.0000        -0.0005         0.0000         0.0000
         3.1646         0.0012         0.0012         0.0000         0.0004         0.0000         0.0000
         3.1793         4.5703         2.5531         0.0000        -1.3227         0.0000         0.0000
         3.1796         0.0023         0.0022         0.0000        -0.0004         0.0000         0.0000
         3.1797         0.0110         0.0107         0.0000        -0.0035         0.0000         0.0000
         3.1850         0.7583         2.9684         0.0000        -1.3675         0.0000         0.0000
         3.1875         0.7248         0.1578         0.0000        -0.3319         0.0000         0.0000
         3.1946         1.9110        15.5994         0.0000        -0.2812         0.0000         0.0000
         3.1966        10.5447         7.2848         0.0000         8.6823         0.0000         0.0000
         3.2021        18.9224         8.1780         0.0000        -4.7512         0.0000         0.0000
         3.2610         0.0000         0.0010         0.0000         0.0001         0.0000         0.0000
         3.2614         0.0015         0.0002         0.0000         0.0001         0.0000         0.0000
         3.2627         0.0003         0.0002         0.0000         0.0001         0.0000         0.0000
         3.2629         0.0005         0.0006         0.0000        -0.0004         0.0000         0.0000
         3.2636         0.0000         0.0000         0.0000        -0.0000         0.0000         0.0000
         3.2646         0.0001         0.0004         0.0000         0.0000         0.0000         0.0000
         3.3642         0.0000         0.0001         0.0000         0.0000         0.0000         0.0000
         3.3644         0.0000         0.0000         0.0000         0.0000         0.0000         0.0000
         3.3660         0.0002         0.0001         0.0000         0.0000         0.0000         0.0000
         3.3660         0.0000         0.0001         0.0000         0.0000         0.0000         0.0000
         3.3664         0.0001         0.0001         0.0000         0.0001         0.0000         0.0000
         3.3665         0.0001         0.0000         0.0000         0.0000         0.0000         0.0000
         3.3989         0.1133         0.0310         0.0000        -0.0523         0.0000         0.0000
         3.4047         0.9401         0.2251         0.0000         0.4572         0.0000         0.0000
         3.4063         0.0226         0.2491         0.0000         0.0701         0.0000         0.0000
         3.4089         0.6289         1.6599         0.0000        -0.6799         0.0000         0.0000
         3.4110         0.5113         0.3627         0.0000        -0.1278         0.0000         0.0000
         3.4190         0.8842         0.1009         0.0000        -0.2961         0.0000         0.0000
         3.4555         1.5178         0.1288         0.0000         0.3492         0.0000         0.0000
         3.4566         0.1892         0.3301         0.0000         0.1801         0.0000         0.0000
         3.4578         1.4309         1.3409         0.0000        -0.0019         0.0000         0.0000
         3.4663         0.5869         1.3856         0.0000         0.5244         0.0000         0.0000
         3.4754         0.7529         0.9692         0.0000         0.8262         0.0000         0.0000
         3.4818         1.7689         1.0133         0.0000        -1.3132         0.0000         0.0000
         3.4985         0.2858         1.9066         0.0000        -0.1728         0.0000         0.0000
         3.4990         0.3334         1.9708         0.0000        -0.5182         0.0000         0.0000
         3.4996         1.6942         1.2072         0.0000        -0.6103         0.0000         0.0000
         3.5029         1.6357         0.1096         0.0000         0.3061         0.0000         0.0000
         3.5069         0.7664         0.8240         0.0000         0.1946         0.0000         0.0000
         3.5100         0.7755         0.2300         0.0000         0.0120         0.0000         0.0000
         3.5222         0.0364         0.1876         0.0000         0.0826         0.0000         0.0000
         3.5226         0.2193         0.0761         0.0000         0.0664         0.0000         0.0000
         3.5228         0.0208         0.1540         0.0000         0.0247         0.0000         0.0000
         3.5233         0.0579         0.0728         0.0000        -0.0195         0.0000         0.0000
         3.5241         0.0284         0.0082         0.0000         0.0131         0.0000         0.0000
         3.5250         0.0019         0.0628         0.0000         0.0030         0.0000         0.0000
         3.5259         0.0010         0.0093         0.0000        -0.0020         0.0000         0.0000
         3.5333         0.0668         0.2361         0.0000        -0.1091         0.0000         0.0000
         3.5356         0.1249         0.6042         0.0000         0.2675         0.0000         0.0000
         3.5358         0.0100         0.2031         0.0000        -0.0426         0.0000         0.0000
         3.5365         0.0420         0.0065         0.0000        -0.0149         0.0000         0.0000
         3.5377         0.0406         0.0929         0.0000        -0.0563         0.0000         0.0000
         3.5382         0.0642         0.1914         0.0000         0.1061         0.0000         0.0000
         3.5442         0.0786         0.0323         0.0000        -0.0151         0.0000         0.0000
         3.5445         0.2193         0.0827         0.0000         0.1308         0.0000         0.0000
         3.5455         0.0773         0.0734         0.0000         0.0337         0.0000         0.0000
         3.5490         0.0131         0.0122         0.0000         0.0111         0.0000         0.0000
         3.5532         0.0060         0.0036         0.0000         0.0022         0.0000         0.0000
         3.5581         0.0258         0.1589         0.0000        -0.0612         0.0000         0.0000
         3.5588         0.0503         0.1392         0.0000        -0.0472         0.0000         0.0000
         3.5610         0.0003         0.0005         0.0000         0.0003         0.0000         0.0000
         3.5621         0.0005         0.0012         0.0000        -0.0006         0.0000         0.0000
         3.5624         0.0014         0.0070         0.0000        -0.0028         0.0000         0.0000
         3.5641         0.0001         0.0003         0.0000         0.0001         0.0000         0.0000
         3.5884         0.1166         0.2226         0.0000        -0.0229         0.0000         0.0000
         3.5885         0.2025         0.1404         0.0000        -0.1635         0.0000         0.0000
         3.5889         0.0794         0.0370         0.0000         0.0525         0.0000         0.0000
         3.5890         0.0092         0.0032         0.0000        -0.0008         0.0000         0.0000
         3.5898         0.0149         0.0197         0.0000        -0.0170         0.0000         0.0000
         3.5900         0.0141         0.0047         0.0000        -0.0049         0.0000         0.0000
         3.6202         0.1619         0.2240         0.0000         0.0314         0.0000         0.0000
         3.6203         0.1622         0.2678         0.0000        -0.0113         0.0000         0.0000
         3.6216         0.0915         0.0050         0.0000        -0.0074         0.0000         0.0000
         3.6217         0.0821         0.0056         0.0000         0.0187         0.0000         0.0000
         3.6222         0.1201         0.1511         0.0000         0.0397         0.0000         0.0000
         3.6224         0.1924         0.2480         0.0000         0.0144         0.0000         0.0000
         3.6268         0.5448         0.2869         0.0000        -0.0316         0.0000         0.0000
         3.6271         0.7131         0.4564         0.0000        -0.1233         0.0000         0.0000
         3.6274         0.0266         0.0198         0.0000         0.0033         0.0000         0.0000
         3.6275         0.0624         0.0081         0.0000        -0.0202         0.0000         0.0000
         3.6282         0.0370         0.3493         0.0000         0.0832         0.0000         0.0000
         3.6283         0.0037         0.1630         0.0000         0.0245         0.0000         0.0000
         3.6303         0.0100         0.0153         0.0000        -0.0061         0.0000         0.0000
         3.6528         0.0686         0.0321         0.0000        -0.0092         0.0000         0.0000
         3.6573         0.2646         0.9224         0.0000        -0.4928         0.0000         0.0000
         3.6579         0.1256         1.0623         0.0000        -0.0618         0.0000         0.0000
         3.6588         0.1195         0.1122         0.0000         0.0681         0.0000         0.0000
         3.6598         1.0450         0.0756         0.0000        -0.1570         0.0000         0.0000
         3.6621         0.0547         0.1031         0.0000         0.0577         0.0000         0.0000
         3.6634         0.0290         0.0117         0.0000         0.0171         0.0000         0.0000
         3.6660         0.0390         0.1938         0.0000         0.0781         0.0000         0.0000
         3.6887         0.8029         0.2696         0.0000         0.3896         0.0000         0.0000
         3.6906         0.9780         0.3371         0.0000        -0.2254         0.0000         0.0000
         3.6911         0.9351         0.3905         0.0000        -0.1731         0.0000         0.0000
         3.6914         0.1072         0.3554         0.0000         0.0032         0.0000         0.0000
         3.6917         0.0502         0.1806         0.0000         0.0437         0.0000         0.0000
         3.6919         0.2800         0.8421         0.0000        -0.1645         0.0000         0.0000
         3.6921         0.0432         0.1980         0.0000         0.0369         0.0000         0.0000
         3.6927         0.0002         0.0400         0.0000        -0.0017         0.0000         0.0000
         3.6998         0.1932         0.6859         0.0000        -0.3606         0.0000         0.0000
         3.7019         0.0238         0.0267         0.0000        -0.0238         0.0000         0.0000
         3.7030         0.0137         0.3935         0.0000         0.0344         0.0000         0.0000
         3.7042         0.0274         0.0135         0.0000        -0.0101         0.0000         0.0000
         3.7068         0.3802         0.8071         0.0000         0.5087         0.0000         0.0000
         3.7117         0.6276         0.0021         0.0000        -0.0123         0.0000         0.0000
         3.7117         0.1958         0.0015         0.0000         0.0166         0.0000         0.0000
         3.7135         0.0039         0.0258         0.0000         0.0093         0.0000         0.0000
         3.7186         0.0355         0.0025         0.0000         0.0078         0.0000         0.0000
         3.7195         0.0001         0.0018         0.0000        -0.0005         0.0000         0.0000
         3.7207         0.0014         0.0002         0.0000         0.0003         0.0000         0.0000
         3.7215         0.0001         0.0004         0.0000         0.0002         0.0000         0.0000
         3.7221         0.0001         0.0001         0.0000        -0.0000         0.0000         0.0000
         3.7227         0.0009         0.0002         0.0000        -0.0003         0.0000         0.0000
         3.7270         0.0001         0.0003         0.0000         0.0001         0.0000         0.0000
         3.7289         0.0006         0.0004         0.0000        -0.0005         0.0000         0.0000
         3.7294         0.0003         0.0001         0.0000        -0.0001         0.0000         0.0000
         3.7299         0.0000         0.0001         0.0000        -0.0001         0.0000         0.0000
         3.7301         0.0000         0.0000         0.0000        -0.0000         0.0000         0.0000
         3.7566         0.0024         0.0058         0.0000        -0.0000         0.0000         0.0000
         3.8031         0.3322         0.5423         0.0000        -0.2644         0.0000         0.0000
         3.8034         0.6699         0.3239         0.0000         0.3432         0.0000         0.0000
         3.8043         0.1231         0.0673         0.0000         0.0888         0.0000         0.0000
         3.8048         0.0078         0.2541         0.0000         0.0274         0.0000         0.0000
         3.8050         0.0978         0.8130         0.0000         0.1132         0.0000         0.0000
         3.8059         0.2957         0.1320         0.0000        -0.1976         0.0000         0.0000
         3.8060         0.3144         0.0231         0.0000        -0.0845         0.0000         0.0000
         3.8062         0.0466         0.1862         0.0000        -0.0931         0.0000         0.0000
         3.8065         0.0694         0.1241         0.0000        -0.0799         0.0000         0.0000
         3.8072         0.3650         0.0616         0.0000         0.0508         0.0000         0.0000
         3.8077         0.6303         0.1410         0.0000        -0.0375         0.0000         0.0000
         3.8078         0.0043         0.2763         0.0000        -0.0332         0.0000         0.0000
         3.8842         0.0761         0.0600         0.0000         0.0343         0.0000         0.0000
         3.9114         0.0860         0.1625         0.0000        -0.1176         0.0000         0.0000
         3.9178         0.0191         0.0001         0.0000         0.0013         0.0000         0.0000
         3.9246         1.0853         3.2829         0.0000        -1.8874         0.0000         0.0000
         3.9342         0.1715         0.0053         0.0000        -0.0212         0.0000         0.0000
         3.9660         0.0765         0.3292         0.0000         0.1568         0.0000         0.0000
         4.0976         0.0571         1.0241         0.0000        -0.0858         0.0000         0.0000
         4.1050         0.0953         0.2450         0.0000        -0.1512         0.0000         0.0000
         4.1065         0.0108         0.0017         0.0000        -0.0040         0.0000         0.0000
         4.1127         0.9108         0.0200         0.0000         0.1347         0.0000         0.0000
         4.1138         0.2477         0.1905         0.0000         0.2107         0.0000         0.0000
         4.1192         0.0667         0.2710         0.0000         0.1177         0.0000         0.0000
         4.1225         0.5690         0.0671         0.0000         0.0160         0.0000         0.0000
         4.1290         0.3240         0.0699         0.0000        -0.0451         0.0000         0.0000
         4.1297         0.2619         0.9283         0.0000         0.4838         0.0000         0.0000
         4.1321         0.1002         0.3435         0.0000         0.1526         0.0000         0.0000
         4.1346         0.0610         0.0626         0.0000         0.0505         0.0000         0.0000
         4.1372         0.1558         0.9445         0.0000        -0.3483         0.0000         0.0000
