 # excitonic state           1
 # exciton energy:   2.28143505117471     
 # number occupied states          14 (not valid for metallic systems)
 # Number of conduction states           1
 # Number of valence states           1
 # Number of kpoints         169
 # nocpk kx ky kz nc nv re_wf imag_wf
          14         0.0000         0.0000         0.0000          15          14    -0.2517E-06     0.7437E-06
          14         0.0000         0.1782         0.0000          15          14     0.3894E-05    -0.9872E-06
          14         0.0000         0.3564         0.0000          15          14     0.1034E-03    -0.8423E-04
          14         0.0000         0.5345         0.0000          15          14     0.2495E-03    -0.4149E-04
          14         0.0000         0.7127         0.0000          15          14    -0.5119E-04    -0.1229E-03
          14         0.0000         0.8909         0.0000          15          14     0.2868E-05    -0.4919E-06
          14         0.0000         1.0691         0.0000          15          14    -0.1033E-04    -0.8391E-05
          14         0.0000         1.2473         0.0000          15          14    -0.2758E-05    -0.4421E-05
          14         0.0000         1.4254         0.0000          15          14    -0.3836E-04     0.5204E-05
          14         0.0000         1.6036         0.0000          15          14    -0.7081E-04    -0.2461E-03
          14         0.0000         1.7818         0.0000          15          14     0.3745E-04     0.3533E-03
          14         0.0000         1.9600         0.0000          15          14    -0.8520E-04     0.1140E-03
          14         0.0000         2.1382         0.0000          15          14     0.1224E-04     0.1350E-04
          14         0.1543         0.0891         0.0000          15          14     0.3310E-05    -0.8582E-05
          14         0.1543         0.2673         0.0000          15          14     0.6428E-05    -0.7477E-05
          14         0.1543         0.4454         0.0000          15          14     0.3435E-03    -0.2161E-03
          14         0.1543         0.6236         0.0000          15          14     0.5025E-03    -0.1675E-03
          14         0.1543         0.8018         0.0000          15          14    -0.5604E-03     0.7789E-04
          14         0.1543         0.9800         0.0000          15          14     0.5314E-04     0.3101E-04
          14         0.1543         1.1582         0.0000          15          14    -0.5366E-04    -0.6036E-04
          14         0.1543         1.3363         0.0000          15          14     0.2730E-04     0.5838E-04
          14         0.1543         1.5145         0.0000          15          14     0.9390E-04    -0.6156E-03
          14         0.1543         1.6927         0.0000          15          14    -0.1443E-03     0.5103E-03
          14         0.1543         1.8709         0.0000          15          14    -0.1947E-03     0.2949E-03
          14         0.1543         2.0491         0.0000          15          14     0.1164E-04    -0.1094E-04
          14         0.1543         2.2272         0.0000          15          14    -0.2447E-05     0.1871E-04
          14         0.3086         0.1782         0.0000          15          14    -0.8948E-04     0.1068E-03
          14         0.3086         0.3564         0.0000          15          14     0.2192E-03    -0.3370E-03
          14         0.3086         0.5345         0.0000          15          14     0.4963E-03    -0.4842E-03
          14         0.3086         0.7127         0.0000          15          14    -0.9472E-03     0.5726E-03
          14         0.3086         0.8909         0.0000          15          14     0.1863E-02    -0.4353E-03
          14         0.3086         1.0691         0.0000          15          14     0.2111E-03     0.7677E-04
          14         0.3086         1.2473         0.0000          15          14     0.1059E-03     0.1972E-03
          14         0.3086         1.4254         0.0000          15          14    -0.1064E-03     0.1843E-02
          14         0.3086         1.6036         0.0000          15          14    -0.3611E-03     0.9856E-03
          14         0.3086         1.7818         0.0000          15          14     0.3204E-03    -0.5344E-03
          14         0.3086         1.9600         0.0000          15          14     0.2338E-03    -0.2263E-03
          14         0.3086         2.1382         0.0000          15          14     0.3474E-03    -0.2492E-03
          14         0.3086         2.3163         0.0000          15          14     0.1759E-04     0.3632E-04
          14         0.4629         0.2673         0.0000          15          14    -0.1298E-03     0.1594E-03
          14         0.4629         0.4454         0.0000          15          14    -0.2731E-03     0.4495E-03
          14         0.4629         0.6236         0.0000          15          14     0.7086E-03    -0.8494E-03
          14         0.4629         0.8018         0.0000          15          14    -0.2185E-02     0.1471E-02
          14         0.4629         0.9800         0.0000          15          14    -0.4449E-03     0.6728E-04
          14         0.4629         1.1582         0.0000          15          14     0.8198E-03     0.5398E-03
          14         0.4629         1.3363         0.0000          15          14     0.8211E-04     0.4323E-03
          14         0.4629         1.5145         0.0000          15          14    -0.4827E-03     0.2440E-02
          14         0.4629         1.6927         0.0000          15          14    -0.4407E-03     0.9122E-03
          14         0.4629         1.8709         0.0000          15          14     0.2535E-03    -0.3998E-03
          14         0.4629         2.0491         0.0000          15          14     0.6070E-04    -0.8788E-03
          14         0.4629         2.2272         0.0000          15          14     0.1947E-02    -0.6425E-03
          14         0.4629         2.4054         0.0000          15          14     0.1919E-02    -0.1045E-02
          14         0.6172         0.3564         0.0000          15          14    -0.3017E-04     0.1667E-03
          14         0.6172         0.5345         0.0000          15          14     0.2186E-03    -0.5214E-03
          14         0.6172         0.7127         0.0000          15          14     0.1048E-02    -0.1600E-02
          14         0.6172         0.8909         0.0000          15          14     0.3320E-03    -0.3071E-03
          14         0.6172         1.0691         0.0000          15          14     0.8654E-01    -0.2112E-01
          14         0.6172         1.2473         0.0000          15          14     0.3172E-01     0.8299E-01
          14         0.6172         1.4254         0.0000          15          14    -0.7498E-04     0.4378E-03
          14         0.6172         1.6036         0.0000          15          14    -0.6772E-03     0.1725E-02
          14         0.6172         1.7818         0.0000          15          14     0.2719E-03    -0.4807E-03
          14         0.6172         1.9600         0.0000          15          14     0.5891E-03    -0.1074E-02
          14         0.6172         2.1382         0.0000          15          14    -0.2775E-02    -0.1103E-02
          14         0.6172         2.3163         0.0000          15          14    -0.3431E-02     0.1918E-02
          14         0.6172         2.4945         0.0000          15          14     0.1324E-02     0.3035E-02
          14         0.7715         0.4454         0.0000          15          14     0.6124E-05    -0.2091E-04
          14         0.7715         0.6236         0.0000          15          14    -0.2105E-04    -0.5784E-04
          14         0.7715         0.8018         0.0000          15          14     0.4418E-04    -0.2219E-03
          14         0.7715         0.9800         0.0000          15          14    -0.1174E-03     0.9817E-03
          14         0.7715         1.1582         0.0000          15          14    -0.8191E-01    -0.3419E-01
          14         0.7715         1.3363         0.0000          15          14    -0.6378E-03     0.7744E-03
          14         0.7715         1.5145         0.0000          15          14     0.1388E-03    -0.1859E-03
          14         0.7715         1.6927         0.0000          15          14    -0.6250E-04     0.2806E-04
          14         0.7715         1.8709         0.0000          15          14     0.2987E-05    -0.1139E-04
          14         0.7715         2.0491         0.0000          15          14    -0.2786E-02     0.2099E-02
          14         0.7715         2.2272         0.0000          15          14     0.4637E-02    -0.4464E-02
          14         0.7715         2.4054         0.0000          15          14    -0.2640E-02     0.6119E-02
          14         0.7715         2.5836         0.0000          15          14     0.2744E-02    -0.2804E-02
          14         0.9258         0.5345         0.0000          15          14    -0.6728E-05    -0.5021E-05
          14         0.9258         0.7127         0.0000          15          14    -0.4831E-04    -0.6421E-04
          14         0.9258         0.8909         0.0000          15          14    -0.1292E-03    -0.1841E-03
          14         0.9258         1.0691         0.0000          15          14     0.3664E-03     0.2494E-03
          14         0.9258         1.2473         0.0000          15          14    -0.4452E-03    -0.2490E-04
          14         0.9258         1.4254         0.0000          15          14    -0.2198E-03     0.7686E-04
          14         0.9258         1.6036         0.0000          15          14    -0.8190E-04     0.3047E-04
          14         0.9258         1.7818         0.0000          15          14    -0.8672E-04     0.6306E-04
          14         0.9258         1.9600         0.0000          15          14     0.3818E-03    -0.1130E-03
          14         0.9258         2.1382         0.0000          15          14     0.1046E-01    -0.5534E-02
          14         0.9258         2.3163         0.0000          15          14     0.1501E-01    -0.5206E-02
          14         0.9258         2.4945         0.0000          15          14    -0.1115E-01     0.3801E-02
          14         0.9258         2.6727         0.0000          15          14    -0.1539E-03     0.3478E-03
          14         1.0802         0.6236         0.0000          15          14    -0.2496E-04     0.1394E-05
          14         1.0802         0.8018         0.0000          15          14     0.5436E-04     0.3235E-04
          14         1.0802         0.9800         0.0000          15          14     0.1786E-02     0.4617E-03
          14         1.0802         1.1582         0.0000          15          14    -0.2442E-02    -0.4691E-03
          14         1.0802         1.3363         0.0000          15          14     0.1839E-02     0.2237E-03
          14         1.0802         1.5145         0.0000          15          14     0.6699E-04    -0.1329E-04
          14         1.0802         1.6927         0.0000          15          14     0.6792E-04    -0.2476E-04
          14         1.0802         1.8709         0.0000          15          14    -0.4762E-03     0.2076E-03
          14         1.0802         2.0491         0.0000          15          14     0.1360E-02    -0.3402E-03
          14         1.0802         2.2272         0.0000          15          14     0.1651E-02    -0.2111E-02
          14         1.0802         2.4054         0.0000          15          14     0.1112E-02    -0.2441E-02
          14         1.0802         2.5836         0.0000          15          14     0.5760E-03    -0.1244E-02
          14         1.0802         2.7618         0.0000          15          14     0.6206E-04     0.4860E-03
          14         1.2345         0.7127         0.0000          15          14     0.2630E-04    -0.2583E-04
          14         1.2345         0.8909         0.0000          15          14     0.5860E-03     0.2061E-03
          14         1.2345         1.0691         0.0000          15          14    -0.1033E-02    -0.1915E-03
          14         1.2345         1.2473         0.0000          15          14    -0.1017E-02    -0.2986E-04
          14         1.2345         1.4254         0.0000          15          14    -0.5554E-03     0.5631E-04
          14         1.2345         1.6036         0.0000          15          14     0.6082E-05     0.3646E-05
          14         1.2345         1.7818         0.0000          15          14     0.3657E-03    -0.1497E-03
          14         1.2345         1.9600         0.0000          15          14    -0.4166E-03    -0.1336E-02
          14         1.2345         2.1382         0.0000          15          14    -0.6127E-02    -0.9294E-04
          14         1.2345         2.3163         0.0000          15          14    -0.2653E+00     0.5033E+00
          14         1.2345         2.4945         0.0000          15          14    -0.3222E-02    -0.5138E-02
          14         1.2345         2.6727         0.0000          15          14    -0.1372E-02     0.2292E-03
          14         1.2345         2.8509         0.0000          15          14     0.1382E-03     0.3537E-03
          14         1.3888         0.8018         0.0000          15          14    -0.1577E-03    -0.1032E-03
          14         1.3888         0.9800         0.0000          15          14     0.4995E-03     0.1823E-03
          14         1.3888         1.1582         0.0000          15          14    -0.6304E-03    -0.2423E-04
          14         1.3888         1.3363         0.0000          15          14     0.4789E-03    -0.1144E-03
          14         1.3888         1.5145         0.0000          15          14     0.8909E-03    -0.6346E-03
          14         1.3888         1.6927         0.0000          15          14     0.1548E-02     0.3124E-02
          14         1.3888         1.8709         0.0000          15          14     0.1176E-01    -0.1447E-02
          14         1.3888         2.0491         0.0000          15          14     0.1777E-02     0.2032E-02
          14         1.3888         2.2272         0.0000          15          14    -0.1873E+00    -0.5378E+00
          14         1.3888         2.4054         0.0000          15          14     0.4888E+00    -0.2951E+00
          14         1.3888         2.5836         0.0000          15          14     0.2641E-02     0.8086E-03
          14         1.3888         2.7618         0.0000          15          14     0.8832E-02     0.8482E-02
          14         1.3888         2.9400         0.0000          15          14     0.3577E-02    -0.4702E-03
          14         1.5431         0.8909         0.0000          15          14     0.2299E-03     0.4274E-04
          14         1.5431         1.0691         0.0000          15          14    -0.3560E-03    -0.5691E-04
          14         1.5431         1.2473         0.0000          15          14    -0.3256E-03     0.1165E-03
          14         1.5431         1.4254         0.0000          15          14     0.5383E-03     0.9414E-04
          14         1.5431         1.6036         0.0000          15          14     0.2110E-02     0.2088E-02
          14         1.5431         1.7818         0.0000          15          14     0.6173E-02     0.1854E-02
          14         1.5431         1.9600         0.0000          15          14    -0.1554E-01     0.3409E-02
          14         1.5431         2.1382         0.0000          15          14    -0.2674E-03    -0.2651E-02
          14         1.5431         2.3163         0.0000          15          14    -0.2831E-02    -0.5457E-02
          14         1.5431         2.4945         0.0000          15          14    -0.2353E-02     0.1446E-02
          14         1.5431         2.6727         0.0000          15          14     0.1500E-01     0.7713E-02
          14         1.5431         2.8509         0.0000          15          14     0.6591E-02     0.2541E-02
          14         1.5431         3.0291         0.0000          15          14    -0.8598E-04    -0.3327E-02
          14         1.6974         0.9800         0.0000          15          14    -0.2235E-03    -0.8969E-05
          14         1.6974         1.1582         0.0000          15          14    -0.1141E-04     0.6160E-05
          14         1.6974         1.3363         0.0000          15          14     0.4230E-03    -0.1469E-03
          14         1.6974         1.5145         0.0000          15          14     0.1668E-03     0.2026E-02
          14         1.6974         1.6927         0.0000          15          14    -0.3478E-02    -0.1832E-02
          14         1.6974         1.8709         0.0000          15          14     0.6617E-02     0.8995E-03
          14         1.6974         2.0491         0.0000          15          14    -0.9242E-02    -0.7341E-02
          14         1.6974         2.2272         0.0000          15          14     0.6514E-03     0.1210E-02
          14         1.6974         2.4054         0.0000          15          14     0.9653E-03    -0.1006E-02
          14         1.6974         2.5836         0.0000          15          14     0.9182E-02    -0.8099E-02
          14         1.6974         2.7618         0.0000          15          14    -0.7041E-02    -0.5737E-03
          14         1.6974         2.9400         0.0000          15          14     0.3968E-02    -0.1887E-02
          14         1.6974         3.1181         0.0000          15          14    -0.2220E-02    -0.1145E-02
          14         1.8517         1.0691         0.0000          15          14     0.5520E-05    -0.1760E-04
          14         1.8517         1.2473         0.0000          15          14    -0.3499E-04     0.9506E-05
          14         1.8517         1.4254         0.0000          15          14    -0.4500E-04    -0.1386E-04
          14         1.8517         1.6036         0.0000          15          14    -0.3792E-03    -0.2152E-02
          14         1.8517         1.7818         0.0000          15          14     0.6795E-03    -0.3250E-02
          14         1.8517         1.9600         0.0000          15          14    -0.3883E-02    -0.6330E-03
          14         1.8517         2.1382         0.0000          15          14     0.1897E-03     0.3282E-03
          14         1.8517         2.3163         0.0000          15          14     0.3200E-03     0.3725E-03
          14         1.8517         2.4945         0.0000          15          14     0.1175E-03    -0.3636E-03
          14         1.8517         2.6727         0.0000          15          14     0.3565E-02    -0.5496E-03
          14         1.8517         2.8509         0.0000          15          14    -0.2296E-02    -0.2414E-02
          14         1.8517         3.0291         0.0000          15          14     0.2096E-02     0.1365E-02
          14         1.8517         3.2072         0.0000          15          14    -0.4827E-04     0.0000E+00
