  0.0000000E+00 it           0 (-0.829719837512334,-1.05092845722029)
  5.3452484E-02 it           0 (-0.829719837512334,-1.05092845722029)
  5.3452484E-02 it           0 (-0.829719837512334,-1.05092845722029)
  0.1729759     it           0 (1.22986060762822,-0.842026561850282)
  0.1729759     it           0 (-0.283689956904016,0.583794998945669)
  0.2264284     it           0 (-0.764465638983977,1.32549657960828)
  0.2264284     it           0 (-0.242081926308539,-0.153455506348094)
  0.2798809     it           0 (-0.246502292672631,-0.156099499264853)
  0.2798809     it           0 (-0.110750180582478,-0.454674299834952)
  0.4402383     it           0 (0.502671193160655,0.186399424618948)
  0.4402383     it           0 (0.240841715042779,1.74676233273646)
  0.4936908     it           0 (-3.181462654209272E-002,-8.114419771326209E-003)
  0.4936908     it           0 (7.119999554100415E-002,-0.143230049837521)
  0.5471433     it           0 (3.818585071060418E-002,-0.410447793007152)
  0.5471433     it           0 (-6.502650444898286E-002,-0.372722233768786)
  0.6666667     it           0 (-0.445669557098696,-0.615325370659337)
  0.6666667     it           0 (-0.452213632656929,-0.621071076633510)
  0.7201192     it           0 (-0.543784361636324,-0.654901923692001)
  0.7201192     it           0 (7.617063344495595E-002,-0.624864933304263)
  0.7735716     it           0 (6.137379318873984E-002,2.20709273738847)
  0.7735716     it           0 (-0.126760857709263,0.859815741889926)
  0.8930950     it           0 (0.555572661092334,0.409321115409603)
  0.8930950     it           0 (0.526927128081184,0.342564238345770)
  0.9465475     it           0 (1.21274482291489,0.926905602377679)
  0.9465475     it           0 (4.046430184873467E-002,-0.329087287653355)
   1.000000     it           0 (9.240976097776531E-002,0.829194168892588)
 
  0.0000000E+00 it           0 (0.391319077190835,-0.905771063286276)
  5.3452484E-02 it           0 (0.391319077190835,-0.905771063286276)
  5.3452484E-02 it           0 (0.391319077190835,-0.905771063286276)
  0.1729759     it           0 (9.583745049500381E-002,-0.426737965413146)
  0.1729759     it           0 (-1.00432785085797,0.756585303051431)
  0.2264284     it           0 (-0.209140477762001,-3.675053845484699E-002)
  0.2264284     it           0 (-7.534504711647190E-003,-1.88110558088730)
  0.2798809     it           0 (-1.358066351345683E-002,-1.88513097899766)
  0.2798809     it           0 (-0.174378358075658,-0.436088418117195)
  0.4402383     it           0 (0.751200641359182,0.667239276852031)
  0.4402383     it           0 (-0.733279533786195,0.310209436374730)
  0.4936908     it           0 (-0.268323105141530,7.149136062585382E-003)
  0.4936908     it           0 (-2.625961710777247E-002,0.313381636199000)
  0.5471433     it           0 (-0.108909671279708,-6.470236681737807E-002)
  0.5471433     it           0 (-0.266830915211616,-5.935080625853573E-003)
  0.6666667     it           0 (0.707225453174839,1.04058342123153)
  0.6666667     it           0 (0.713819403928319,1.04109305392364)
  0.7201192     it           0 (0.627510201720890,1.03511077242297)
  0.7201192     it           0 (7.780693182162995E-002,-0.619199231811062)
  0.7735716     it           0 (-1.740584067392813E-002,0.389105303697310)
  0.7735716     it           0 (-0.115621499165886,1.03088388637605)
  0.8930950     it           0 (-1.09460847725004,-0.808523994604796)
  0.8930950     it           0 (-1.09084429364927,-0.770188023741583)
  0.9465475     it           0 (-0.216917343514732,-8.724042147225769E-002)
  0.9465475     it           0 (2.078522782358585E-002,8.217820307503498E-002)
   1.000000     it           0 (9.602927425719548E-002,1.46623274991157)
 
  0.0000000E+00 it           0 (-0.539938227366858,0.363669581193902)
  5.3452484E-02 it           0 (-0.539938227366858,0.363669581193902)
  5.3452484E-02 it           0 (-0.539938227366858,0.363669581193902)
  0.1729759     it           0 (6.865346215173429E-002,1.19638650119268)
  0.1729759     it           0 (0.622548901287823,0.314812916475785)
  0.2264284     it           0 (0.403466364364253,-0.709175825805220)
  0.2264284     it           0 (-0.262251342435094,0.790531687766507)
  0.2798809     it           0 (-0.266671708799248,0.787887694849617)
  0.2798809     it           0 (4.724096767031806E-002,-1.13377883163579)
  0.4402383     it           0 (-0.314836192427039,-1.16815770551867)
  0.4402383     it           0 (1.792497917166863E-002,0.315084786828634)
  0.4936908     it           0 (0.831368992298280,2.03250060266103)
  0.4936908     it           0 (0.370810080033902,-1.38719269146870)
  0.5471433     it           0 (0.263351470076164,-1.83912539118676)
  0.5471433     it           0 (0.123752326960044,-1.77960517304845)
  0.6666667     it           0 (0.396503827596766,0.410555882327148)
  0.6666667     it           0 (0.389959752038517,0.404810176352974)
  0.7201192     it           0 (0.622131919191544,0.443149930338722)
  0.7201192     it           0 (0.129314342422603,1.65890858871345)
  0.7735716     it           0 (1.399506878137124E-002,5.566904627457353E-002)
  0.7735716     it           0 (-0.163374567093430,-1.25591130540409)
  0.8930950     it           0 (-0.542876966673309,-0.430962328482988)
  0.8930950     it           0 (-0.520635953905233,-0.354814638123872)
  0.9465475     it           0 (0.114295195149217,8.662215848507393E-002)
  0.9465475     it           0 (-5.117982471100493E-002,-1.73089731916846)
   1.000000     it           0 (4.567464547709443E-002,-0.597013591461517)
 
  0.0000000E+00 it           0 (-0.288535792130143,1.993740257151659E-002)
  5.3452484E-02 it           0 (-0.288535792130143,1.993740257151659E-002)
  5.3452484E-02 it           0 (-0.288535792130143,1.993740257151659E-002)
  0.1729759     it           0 (-0.389809027623007,-1.30614554756405)
  0.1729759     it           0 (0.176195759118856,3.969024469126289E-002)
  0.2264284     it           0 (5.927543031363644E-002,1.01242190959372)
  0.2264284     it           0 (0.628717829512868,0.297188784938237)
  0.2798809     it           0 (0.628575034261043,0.298555615645683)
  0.2798809     it           0 (-0.263003769711491,-6.248352040480024E-003)
  0.4402383     it           0 (0.479525004479052,0.947161618794166)
  0.4402383     it           0 (0.562831574799375,0.480645031382763)
  0.4936908     it           0 (9.155380782483709E-002,-0.741124071311931)
  0.4936908     it           0 (-0.502536389385618,-0.443490951881054)
  0.5471433     it           0 (-0.281093054392390,1.27189939390392)
  0.5471433     it           0 (2.372324835983829E-002,0.622680463534204)
  0.6666667     it           0 (0.346312946963553,0.148358021389471)
  0.6666667     it           0 (-0.401634044128875,-7.093444029684551E-002)
  0.7201192     it           0 (0.416671320189628,0.145934503895339)
  0.7201192     it           0 (3.535333796992571E-002,-0.358011210200750)
  0.7735716     it           0 (-0.326907332012227,8.253651410562027E-002)
  0.7735716     it           0 (-1.03880549767659,0.570207276909625)
  0.8930950     it           0 (-1.44982585405771,0.140129660037722)
  0.8930950     it           0 (0.792137603956783,0.453171399145458)
  0.9465475     it           0 (0.282245391762065,0.270697360722047)
  0.9465475     it           0 (4.078505152927685E-002,-0.611155995890075)
   1.000000     it           0 (-0.628091215171256,1.40161160338485)
 
  0.0000000E+00 it           0 (1.00634806725123,-2.469446854133330E-002)
  5.3452484E-02 it           0 (1.00634806725123,-2.469446854133330E-002)
  5.3452484E-02 it           0 (1.00634806725123,-2.469446854133330E-002)
  0.1729759     it           0 (-6.569728909097192E-002,6.195843601357031E-002)
  0.1729759     it           0 (0.212138428329827,1.67407777096404)
  0.2264284     it           0 (3.323239523477689E-002,-0.416566056551800)
  0.2264284     it           0 (-1.22455480883881,-0.552192488714924)
  0.2798809     it           0 (-1.22406841856803,-0.552059132999746)
  0.2798809     it           0 (0.181951961053022,-5.434558878760441E-002)
  0.4402383     it           0 (0.289626756021501,-1.06070171813255)
  0.4402383     it           0 (0.854962967112834,-0.982883914124690)
  0.4936908     it           0 (-6.433074727693965E-002,0.127140445262939)
  0.4936908     it           0 (1.48390598848343,0.596409563142972)
  0.5471433     it           0 (-0.454246258852734,0.278794024671108)
  0.5471433     it           0 (0.308837983400724,-0.482467564694825)
  0.6666667     it           0 (-1.42407073474757,-0.313313429724269)
  0.6666667     it           0 (-0.279823320393418,-2.600310535071550E-002)
  0.7201192     it           0 (-1.68165060665344,-0.483130098934814)
  0.7201192     it           0 (-1.69193412258544,0.621795504081251)
  0.7735716     it           0 (-0.387061926069227,0.319993363432976)
  0.7735716     it           0 (0.418898366814354,-0.285789590378335)
  0.8930950     it           0 (0.950237579471879,-0.181147434380117)
  0.8930950     it           0 (0.351440945745878,-0.462048320402828)
  0.9465475     it           0 (0.178899648079668,-0.277944205051210)
  0.9465475     it           0 (-0.686299971030750,1.64082000896069)
   1.000000     it           0 (-6.307439585728468E-002,-0.143477798271847)
 
  0.0000000E+00 it           0 (-0.161708724285332,0.114181405827526)
  5.3452484E-02 it           0 (-0.161708724285332,0.114181405827526)
  5.3452484E-02 it           0 (-0.161708724285332,0.114181405827526)
  0.1729759     it           0 (-0.275745682251998,1.10038420908076)
  0.1729759     it           0 (0.125765187470187,-0.827678666537344)
  0.2264284     it           0 (-7.617538255321503E-002,0.130832587265199)
  0.2264284     it           0 (-0.533934908234845,-0.462652017406974)
  0.2798809     it           0 (-0.534077703486679,-0.461285186699491)
  0.2798809     it           0 (-1.42752215678575,-0.766303371792145)
  0.4402383     it           0 (0.844856795394470,-0.737022170882370)
  0.4402383     it           0 (6.800624563139805E-002,0.688798069292545)
  0.4936908     it           0 (9.789386667443677E-002,0.859249016227947)
  0.4936908     it           0 (0.892528586941294,-0.714842656389076)
  0.5471433     it           0 (-0.596712922219487,-0.384170182429793)
  0.5471433     it           0 (-9.185211703820165E-004,-0.841080745003739)
  0.6666667     it           0 (-1.21338954110870,-6.257245799472741E-002)
  0.6666667     it           0 (-1.96133653220103,-0.281864919681016)
  0.7201192     it           0 (-0.932892294744105,1.885075338444482E-002)
  0.7201192     it           0 (-0.164153367142321,-0.350857980002776)
  0.7735716     it           0 (-0.125616206872206,0.108954293865831)
  0.7735716     it           0 (-0.923958799145578,0.550617069519027)
  0.8930950     it           0 (0.514038541647036,0.308766377406463)
  0.8930950     it           0 (-0.923641035080228,0.364928169261447)
  0.9465475     it           0 (2.24610978746691,0.439334078090872)
  0.9465475     it           0 (-0.275415263923202,1.07471613334392)
   1.000000     it           0 (-0.321277603603022,0.497324771364817)
 
  0.0000000E+00 it           0 (-0.694331532981681,-0.402886872039964)
  5.3452484E-02 it           0 (-0.694331532981681,-0.402886872039964)
  5.3452484E-02 it           0 (-0.694331532981681,-0.402886872039964)
  0.1729759     it           0 (0.152829496500279,1.40696875439994)
  0.1729759     it           0 (0.632309771462973,1.18908635061378)
  0.2264284     it           0 (0.608823580412007,0.921422356738396)
  0.2264284     it           0 (-1.03112911799143,0.249955852892477)
  0.2798809     it           0 (-1.03214456323882,0.250870981351636)
  0.2798809     it           0 (-0.952473770391958,0.322328649659706)
  0.4402383     it           0 (-0.858624087797982,0.134211836565158)
  0.4402383     it           0 (-1.30444942306345,0.749084406628822)
  0.4936908     it           0 (1.21187905645083,-0.630076306139065)
  0.4936908     it           0 (0.602476109448391,-0.600636081631019)
  0.5471433     it           0 (-1.38720464891055,1.35482204452138)
  0.5471433     it           0 (-0.485356333875813,0.359587860317828)
  0.6666667     it           0 (-4.684199398654443E-002,-0.216938997501019)
  0.6666667     it           0 (-4.833027786164189E-002,-0.224084200173938)
  0.7201192     it           0 (-0.948246875999782,-1.33804291024686)
  0.7201192     it           0 (-5.403936183804664E-002,0.103067947296764)
  0.7735716     it           0 (0.132622084343908,-3.178472878341749E-003)
  0.7735716     it           0 (0.135218524375440,-0.112013482953499)
  0.8930950     it           0 (0.315112220908678,-0.766586612235595)
  0.8930950     it           0 (0.335863042415074,-0.793485737989337)
  0.9465475     it           0 (-0.504021793838937,-1.09372218831576)
  0.9465475     it           0 (-0.198130623146269,0.109556222475991)
   1.000000     it           0 (0.680997218731421,-0.240309063270211)
 
  0.0000000E+00 it           0 (0.727034162530036,-1.892684323734619E-002)
  5.3452484E-02 it           0 (0.727034162530036,-1.892684323734619E-002)
  5.3452484E-02 it           0 (0.727034162530036,-1.892684323734619E-002)
  0.1729759     it           0 (0.649297461834831,0.778382163241689)
  0.1729759     it           0 (0.269184481399922,-1.07546963356419)
  0.2264284     it           0 (0.186992415077448,-1.15005396770384)
  0.2264284     it           0 (-1.06226894543850,0.553363475894071)
  0.2798809     it           0 (-1.06339459143123,0.554196863674277)
  0.2798809     it           0 (-0.957170159904759,0.644455221008760)
  0.4402383     it           0 (0.359400149320805,0.339940431955125)
  0.4402383     it           0 (-0.444677009728421,0.308935523545146)
  0.4936908     it           0 (-3.126331710668025E-002,0.353040828619409)
  0.4936908     it           0 (1.22515058729918,-1.22690670865267)
  0.5471433     it           0 (-6.233449371028692E-002,0.153472457515417)
  0.5471433     it           0 (1.03433034391043,-1.06084521892915)
  0.6666667     it           0 (0.313352776816402,-8.343051144339081E-002)
  0.6666667     it           0 (0.322004718428138,-9.194304885826728E-002)
  0.7201192     it           0 (0.456547555955780,-0.138492909321878)
  0.7201192     it           0 (-0.795717156035034,0.300307445259289)
  0.7735716     it           0 (-1.18953059017405,4.290977629395282E-002)
  0.7735716     it           0 (0.878917072813508,-0.336477535095999)
  0.8930950     it           0 (-0.287528524769181,-1.17619491123815)
  0.8930950     it           0 (-0.334809925198693,-1.10231033225366)
  0.9465475     it           0 (1.02814598354478,-0.629562874689966)
  0.9465475     it           0 (0.162682565456143,-2.749159803179825E-002)
   1.000000     it           0 (1.24070297144036,-0.477724656949484)
 
  0.0000000E+00 it           0 (1.00172491754780,-1.715951067345775E-002)
  5.3452484E-02 it           0 (1.00172491754780,-1.715951067345775E-002)
  5.3452484E-02 it           0 (1.00172491754780,-1.715951067345775E-002)
  0.1729759     it           0 (0.148995897164128,-3.011024597487160E-002)
  0.1729759     it           0 (0.626649602968461,-0.261540492568183)
  0.2264284     it           0 (0.602452348283369,-0.529308382504534)
  0.2264284     it           0 (0.969760801904076,-0.978477930565770)
  0.2798809     it           0 (0.968745356656811,-0.977562802106692)
  0.2798809     it           0 (1.02307897119888,-0.908877045789108)
  0.4402383     it           0 (-0.789765936772283,0.137520092046128)
  0.4402383     it           0 (0.406040192422171,-0.403610855782501)
  0.4936908     it           0 (1.07212125923467,-0.540746628205930)
  0.4936908     it           0 (-0.152696543464852,2.660280993514216E-002)
  0.5471433     it           0 (-0.339553952661311,0.417739738550824)
  0.5471433     it           0 (0.678369573755499,-0.657919695297805)
  0.6666667     it           0 (-0.959715230786000,-1.29026024453936)
  0.6666667     it           0 (-0.961203514661057,-1.29740544721226)
  0.7201192     it           0 (-0.168063053719331,-0.152013614534971)
  0.7201192     it           0 (-1.11321050135155,0.104995389349400)
  0.7735716     it           0 (1.23130802392327,-1.056369344264512E-002)
  0.7735716     it           0 (1.14180174490043,-7.681766565016918E-002)
  0.8930950     it           0 (0.753709100725733,0.390365144647011)
  0.8930950     it           0 (0.782706280910489,0.314303233374150)
  0.9465475     it           0 (-6.542491402189064E-002,6.322956856690165E-002)
  0.9465475     it           0 (-1.52565859762798,0.531054779420433)
   1.000000     it           0 (-0.697932191422439,0.178818140179487)
 
  0.0000000E+00 it           0 (-0.705856143663413,-8.543018730171884E-002)
  5.3452484E-02 it           0 (-0.705856143663413,-8.543018730171884E-002)
  5.3452484E-02 it           0 (-0.705856143663413,-8.543018730171884E-002)
  0.1729759     it           0 (0.447280854333897,0.265629685799655)
  0.1729759     it           0 (0.835459178892270,0.166017137683929)
  0.2264284     it           0 (0.609365270819483,0.551309327295099)
  0.2264284     it           0 (-7.020101843009002E-002,1.429627640912862E-002)
  0.2798809     it           0 (-7.572383073951178E-002,1.847855013792667E-002)
  0.2798809     it           0 (1.75771915072352,0.354593927010045)
  0.4402383     it           0 (1.06001386220837,0.180484199487826)
  0.4402383     it           0 (-0.717915587970178,-1.653277058378204E-002)
  0.4936908     it           0 (0.594140664716065,0.134494580546031)
  0.4936908     it           0 (-0.297139060367173,-0.319861701075863)
  0.5471433     it           0 (-0.653644350305529,-0.846756902323991)
  0.5471433     it           0 (-0.384086635696828,-0.458245961116758)
  0.6666667     it           0 (-0.120149995648171,-0.213291940035747)
  0.6666667     it           0 (-5.474217582404602E-002,-0.265452979249745)
  0.7201192     it           0 (0.393255006222360,-0.623630535244403)
  0.7201192     it           0 (-0.269800047591982,-7.778875901085533E-002)
  0.7735716     it           0 (0.458664263709004,0.121207777479964)
  0.7735716     it           0 (1.57642131421190,0.387920935333907)
  0.8930950     it           0 (1.17309607471271,9.966781345186353E-002)
  0.8930950     it           0 (1.56979462780885,0.114847982338778)
  0.9465475     it           0 (1.84350700473073,-0.139191302105091)
  0.9465475     it           0 (3.039926214279760E-002,-0.621123806833216)
   1.000000     it           0 (0.397501375524740,-0.394748398116969)
 
  0.0000000E+00 it           0 (-2.50738430894511,0.538091960930742)
  5.3452484E-02 it           0 (-2.50738430894511,0.538091960930742)
  5.3452484E-02 it           0 (-2.50738430894511,0.538091960930742)
  0.1729759     it           0 (-0.800917324224553,-0.184713219516063)
  0.1729759     it           0 (-9.647275854178677E-002,-4.467774368375727E-002)
  0.2264284     it           0 (-1.28630979995574,-0.394019905814565)
  0.2264284     it           0 (1.50608739335045,0.414826614939037)
  0.2798809     it           0 (1.49949941175285,0.421252271778230)
  0.2798809     it           0 (0.300823359649307,0.242882234076252)
  0.4402383     it           0 (-0.565172264085651,0.288735173860192)
  0.4402383     it           0 (-1.36622234903230,0.198144984190975)
  0.4936908     it           0 (1.03472717063160,0.146857938977748)
  0.4936908     it           0 (0.501745881852936,0.356032986488333)
  0.5471433     it           0 (0.218488870191094,0.325933806656359)
  0.5471433     it           0 (-3.164632007386219E-002,0.866241853361992)
  0.6666667     it           0 (0.325036158145578,0.240596128585332)
  0.6666667     it           0 (0.227994376134054,0.354454372790176)
  0.7201192     it           0 (0.288117205200804,-1.06472335954528)
  0.7201192     it           0 (-0.822777308890061,-0.193851407407033)
  0.7735716     it           0 (0.946918229096552,0.217130588893683)
  0.7735716     it           0 (-0.139575463017933,-2.573645154458293E-002)
  0.8930950     it           0 (-0.267702225135203,-0.632464570719289)
  0.8930950     it           0 (-0.412274373174332,-0.653159249645641)
  0.9465475     it           0 (5.973023485449613E-002,-0.498953339429336)
  0.9465475     it           0 (1.12346392698297,0.316732342742648)
   1.000000     it           0 (-0.782724098674002,-0.798241368551150)
 
  0.0000000E+00 it           0 (1.29161478120085,-0.355906608303840)
  5.3452484E-02 it           0 (1.29161478120085,-0.355906608303840)
  5.3452484E-02 it           0 (1.29161478120085,-0.355906608303840)
  0.1729759     it           0 (0.661345492560709,1.15997171271422)
  0.1729759     it           0 (-1.10350735875007,-1.490179922746326E-002)
  0.2264284     it           0 (0.520091043218993,-0.191238425545856)
  0.2264284     it           0 (1.94347384859277,0.381317300310567)
  0.2798809     it           0 (1.93795103628351,0.385499574039298)
  0.2798809     it           0 (1.85820468151063,0.520452654400307)
  0.4402383     it           0 (-0.826358167788066,0.208884372085533)
  0.4402383     it           0 (0.393322214169842,-4.134492075353101E-002)
  0.4936908     it           0 (-0.620613636273198,0.210315373485033)
  0.4936908     it           0 (0.357699918505062,0.881879432011650)
  0.5471433     it           0 (-1.51160166557820,-0.233605570284923)
  0.5471433     it           0 (-1.97077700074529,7.380913848931746E-002)
  0.6666667     it           0 (0.482711864545088,-1.22983946307320)
  0.6666667     it           0 (0.548119684369253,-1.28200050228728)
  0.7201192     it           0 (4.939498461127163E-002,0.953421955414653)
  0.7201192     it           0 (1.08552679853232,0.268158227180122)
  0.7735716     it           0 (-0.915990534724686,-0.223695562451180)
  0.7735716     it           0 (0.187512450041950,3.448188867271170E-002)
  0.8930950     it           0 (-0.150423252926012,3.185924119114537E-002)
  0.8930950     it           0 (-0.349757565977698,2.763031526101142E-002)
  0.9465475     it           0 (0.519987677092115,-0.206999874366103)
  0.9465475     it           0 (-5.246093904493721E-002,0.235758845945902)
   1.000000     it           0 (0.357547814075324,-0.253841770835196)
 
  0.0000000E+00 it           0 (1.16370085670806,-0.979429285207214)
  5.3452484E-02 it           0 (1.16370085670806,-0.979429285207214)
  5.3452484E-02 it           0 (1.16370085670806,-0.979429285207214)
  0.1729759     it           0 (0.192811403346337,1.37392027240639)
  0.1729759     it           0 (-0.308033775065651,-1.01094643824488)
  0.2264284     it           0 (-0.188987977088342,-0.586222158018502)
  0.2264284     it           0 (0.436755501356936,-0.439659692143978)
  0.2798809     it           0 (0.440593583477247,-0.446227080497366)
  0.2798809     it           0 (0.371387992828368,-0.531018575673678)
  0.4402383     it           0 (0.627841868967370,-0.852819629691085)
  0.4402383     it           0 (0.490872038910514,-0.719630595275818)
  0.4936908     it           0 (0.340075221854811,-0.336745203648866)
  0.4936908     it           0 (-0.423191027606761,-0.410578742775830)
  0.5471433     it           0 (1.02924066525965,0.621953924701127)
  0.5471433     it           0 (-0.154706800265964,-0.139124621249166)
  0.6666667     it           0 (-0.540546841919609,-0.275035069587026)
  0.6666667     it           0 (-0.590602869951983,-0.287127844413463)
  0.7201192     it           0 (-0.631580790419837,-0.291879259334866)
  0.7201192     it           0 (-0.184185997704045,-1.47989840309805)
  0.7735716     it           0 (0.479219407413910,1.59756651690677)
  0.7735716     it           0 (0.110827212529146,0.751939484652384)
  0.8930950     it           0 (-0.728025135900753,-0.455110775867007)
  0.8930950     it           0 (-0.622548085234378,-0.367231961005425)
  0.9465475     it           0 (-1.20018108850432,-0.774759038059599)
  0.9465475     it           0 (-0.236902479713984,0.161478057687707)
   1.000000     it           0 (-0.240837985301075,0.163272241462731)
 
  0.0000000E+00 it           0 (1.49203728808912,-1.41197294390157)
  5.3452484E-02 it           0 (1.49203728808912,-1.41197294390157)
  5.3452484E-02 it           0 (1.49203728808912,-1.41197294390157)
  0.1729759     it           0 (0.519164267925396,-0.110712949093347)
  0.1729759     it           0 (-0.526898638628586,1.556473478930348E-002)
  0.2264284     it           0 (-1.982279584343870E-002,0.357488849126064)
  0.2264284     it           0 (-0.247996770199347,0.453185523180990)
  0.2798809     it           0 (-0.250993519407372,0.462108067064554)
  0.2798809     it           0 (-0.380507238240654,0.580304689613196)
  0.4402383     it           0 (1.00667272319697,-1.01995461350437)
  0.4402383     it           0 (1.00489474040656,-1.82078867057466)
  0.4936908     it           0 (6.706523612299811E-002,8.646625553702705E-002)
  0.4936908     it           0 (-0.786657575079647,-0.476370996387583)
  0.5471433     it           0 (0.958553351347775,0.731655061180143)
  0.5471433     it           0 (0.639619737535658,0.978896982942897)
  0.6666667     it           0 (-1.52586226721804,4.308010268343413E-003)
  0.6666667     it           0 (-1.44858751470127,1.847847946290924E-002)
  0.7201192     it           0 (-1.31247874880043,3.279914581315897E-002)
  0.7201192     it           0 (0.729278236615187,0.188473317860928)
  0.7735716     it           0 (-0.184499907427029,-7.504418643692176E-002)
  0.7735716     it           0 (0.481489934666828,1.44550094233485)
  0.8930950     it           0 (0.688828490099833,0.516323244211695)
  0.8930950     it           0 (0.674290986249353,0.499826357158493)
  0.9465475     it           0 (1.700106848750964E-002,6.565614294755705E-002)
  0.9465475     it           0 (3.516966758228382E-002,-3.284400024733655E-002)
   1.000000     it           0 (3.202273411387863E-002,-3.387743684305523E-002)
 
  0.0000000E+00 it           0 (-0.284236990316501,0.300955190122499)
  5.3452484E-02 it           0 (-0.284236990316501,0.300955190122499)
  5.3452484E-02 it           0 (-0.284236990316501,0.300955190122499)
  0.1729759     it           0 (0.146887991980933,1.35405292632061)
  0.1729759     it           0 (-2.243392820617645E-002,-0.378426538602911)
  0.2264284     it           0 (-8.994113929783265E-002,-6.046840743205355E-002)
  0.2264284     it           0 (-0.707125814963273,0.657531906353439)
  0.2798809     it           0 (-0.703287732842432,0.650964518001320)
  0.2798809     it           0 (-0.782475457126406,0.652303618327726)
  0.4402383     it           0 (0.451228795227735,-0.833203233747725)
  0.4402383     it           0 (-0.221777367628326,0.599225101228664)
  0.4936908     it           0 (1.12942626931745,-2.22698184165430)
  0.4936908     it           0 (0.540530720437229,0.935201165029623)
  0.5471433     it           0 (-0.831824294887140,-0.860141880918482)
  0.5471433     it           0 (-0.568785319367465,-0.218235077204175)
  0.6666667     it           0 (1.59424370048075,-0.621716978174078)
  0.6666667     it           0 (1.54418767244836,-0.633809753000526)
  0.7201192     it           0 (1.37871403763014,-0.658362836650769)
  0.7201192     it           0 (-0.644827892227147,-0.587650389709165)
  0.7735716     it           0 (1.03818474179061,0.693310089304217)
  0.7735716     it           0 (-0.432380924062730,-0.852237279476855)
  0.8930950     it           0 (-0.661637638313781,-0.386588809297850)
  0.8930950     it           0 (-0.743184215844062,-0.443151381485847)
  0.9465475     it           0 (-1.13379359091737,-0.706237071490433)
  0.9465475     it           0 (-1.46216989006811,0.886821552097244)
   1.000000     it           0 (-1.47129390927705,0.894474778598110)
 
  0.0000000E+00 it           0 (-0.259712165650523,0.350942454433947)
  5.3452484E-02 it           0 (-0.259712165650523,0.350942454433947)
  5.3452484E-02 it           0 (-0.259712165650523,0.350942454433947)
  0.1729759     it           0 (-0.101791856324762,0.229588371620518)
  0.1729759     it           0 (1.70977269092660,0.273021818008840)
  0.2264284     it           0 (1.65147750782299,0.289222505939069)
  0.2264284     it           0 (0.324143769415641,0.116335026489804)
  0.2798809     it           0 (0.322452285271309,0.118743188530476)
  0.2798809     it           0 (0.370489750482475,0.116821877960219)
  0.4402383     it           0 (8.333034132070802E-002,-0.264819045231234)
  0.4402383     it           0 (-0.674608024703291,5.759613175316480E-002)
  0.4936908     it           0 (0.354087319072793,-0.245085202669807)
  0.4936908     it           0 (-0.286230340290180,0.125780028614433)
  0.5471433     it           0 (-0.827455884132373,0.424742051901380)
  0.5471433     it           0 (-0.711032609202580,0.365843176009044)
  0.6666667     it           0 (-0.371004929395766,0.896903360315574)
  0.6666667     it           0 (-0.356455427346537,0.854128046513692)
  0.7201192     it           0 (-0.566076914604943,1.78366120297979)
  0.7201192     it           0 (-0.115879111475695,0.477091462202542)
  0.7735716     it           0 (0.295793402480338,-0.339579620057580)
  0.7735716     it           0 (0.644889357433925,-0.401578685342783)
  0.8930950     it           0 (0.283609369706732,-7.377816628461104E-002)
  0.8930950     it           0 (0.274604449712178,-0.101703299517338)
  0.9465475     it           0 (-0.588766529924715,0.350020749742764)
  0.9465475     it           0 (-3.502940117189392E-002,0.723604089839204)
   1.000000     it           0 (-1.049778072518823E-002,-0.296997870567383)
 
  0.0000000E+00 it           0 (-4.877917429939033E-002,0.157800953796791)
  5.3452484E-02 it           0 (-4.877917429939033E-002,0.157800953796791)
  5.3452484E-02 it           0 (-4.877917429939033E-002,0.157800953796791)
  0.1729759     it           0 (-5.638231262873347E-002,0.387419050239959)
  0.1729759     it           0 (0.491760965342272,1.088915312967414E-002)
  0.2264284     it           0 (0.369327167102480,8.117213787424818E-002)
  0.2264284     it           0 (0.204127179989641,-0.779593903771542)
  0.2798809     it           0 (0.202201664446102,-0.779428791285527)
  0.2798809     it           0 (0.253007280379286,-0.767149383649726)
  0.4402383     it           0 (-1.14037725723648,0.362384906020614)
  0.4402383     it           0 (-0.892549637470452,-1.482271314655259E-002)
  0.4936908     it           0 (0.819104889283542,-0.526757976974612)
  0.4936908     it           0 (-0.417253588769110,0.282256214537810)
  0.5471433     it           0 (0.716473234678051,-0.385286713987465)
  0.5471433     it           0 (-1.16929055767784,0.737293100303159)
  0.6666667     it           0 (-0.492560444358689,1.25884060232310)
  0.6666667     it           0 (-0.508634627372349,1.30527404639562)
  0.7201192     it           0 (-0.237839081013489,-0.134133085197914)
  0.7201192     it           0 (-3.217641845664406E-003,0.618009845369231)
  0.7735716     it           0 (0.399346235701449,-0.282130847266863)
  0.7735716     it           0 (0.235603057590978,-0.254513313451059)
  0.8930950     it           0 (-0.168192351913773,-0.195125909182910)
  0.8930950     it           0 (-0.144986283838612,-0.143451139694284)
  0.9465475     it           0 (1.14551167783739,-0.782941687911414)
  0.9465475     it           0 (6.762295928203424E-003,-0.636908529583873)
   1.000000     it           0 (4.704742139126838E-002,-0.420624651272860)
 
  0.0000000E+00 it           0 (0.991765228955955,0.254424772848588)
  5.3452484E-02 it           0 (0.991765228955955,0.254424772848588)
  5.3452484E-02 it           0 (0.991765228955955,0.254424772848588)
  0.1729759     it           0 (-0.566782445939617,0.115823869399090)
  0.1729759     it           0 (-0.503276330634131,-0.111250172593668)
  0.2264284     it           0 (-0.545822915733512,-0.117411968288873)
  0.2264284     it           0 (0.545273868793859,-0.586482937955845)
  0.2798809     it           0 (0.543582384649493,-0.584074775915606)
  0.2798809     it           0 (0.583952835430351,-0.567411738695697)
  0.4402383     it           0 (1.02431994976279,-0.648921767118390)
  0.4402383     it           0 (0.446997422735770,-0.196113192637982)
  0.4936908     it           0 (0.289288230795813,-0.508364554671468)
  0.4936908     it           0 (1.69641181527058,-0.935655731762535)
  0.5471433     it           0 (-0.288235086933793,0.169826809342629)
  0.5471433     it           0 (0.383451551820389,-0.202284938117910)
  0.6666667     it           0 (0.143073435433193,-0.519258612014027)
  0.6666667     it           0 (0.157622937482379,-0.562033925815692)
  0.7201192     it           0 (1.603272509899954E-002,0.392060712300083)
  0.7201192     it           0 (-0.724869000718790,-0.565007296034192)
  0.7735716     it           0 (1.23743592496042,0.964718853292135)
  0.7735716     it           0 (-0.374689170551525,-0.397459901359678)
  0.8930950     it           0 (1.40059907962606,-0.940454491899370)
  0.8930950     it           0 (1.39038599493637,-0.967530710020201)
  0.9465475     it           0 (0.528223179994598,-0.516655575872007)
  0.9465475     it           0 (6.502306107339373E-002,-0.372754825018151)
   1.000000     it           0 (7.161783143236372E-002,-1.54748660131858)
 
  0.0000000E+00 it           0 (0.898071257549658,2.086317216254580E-002)
  5.3452484E-02 it           0 (0.898071257549658,2.086317216254580E-002)
  5.3452484E-02 it           0 (0.898071257549658,2.086317216254580E-002)
  0.1729759     it           0 (5.768168368843474E-002,0.665542484503175)
  0.1729759     it           0 (0.985790562344421,0.861829624607457)
  0.2264284     it           0 (-0.160419027496929,-0.297888782361007)
  0.2264284     it           0 (-0.424063173399455,-0.350109476784940)
  0.2798809     it           0 (-0.419647646583428,-0.353651932025175)
  0.2798809     it           0 (-1.40644777059964,-0.441882490480712)
  0.4402383     it           0 (1.44652887513873,0.238711243032059)
  0.4402383     it           0 (0.778372722735908,0.427767176963819)
  0.4936908     it           0 (-0.901547933397966,-0.445240669248406)
  0.4936908     it           0 (-0.791016328342666,-0.773599065596203)
  0.5471433     it           0 (-0.677061946395141,-0.237788881746716)
  0.5471433     it           0 (0.356439000138955,-0.314284214891092)
  0.6666667     it           0 (0.421402434493391,-0.144996000288483)
  0.6666667     it           0 (-0.523842353021015,0.439929041923990)
  0.7201192     it           0 (-0.309496540417954,0.223597445440841)
  0.7201192     it           0 (-0.722546672110747,-9.929565674163171E-002)
  0.7735716     it           0 (-1.60417066114085,1.695776119768058E-002)
  0.7735716     it           0 (-0.742824425860852,0.119279596487495)
  0.8930950     it           0 (0.347404984338889,-1.87404494303498)
  0.8930950     it           0 (0.154206303186294,-0.323655388671294)
  0.9465475     it           0 (0.142359932496833,-0.204243720509426)
  0.9465475     it           0 (0.168651787212109,0.489839207012758)
   1.000000     it           0 (1.00480546383216,1.02092163785163)
 
  0.0000000E+00 it           0 (9.105470079551986E-002,0.242062400728465)
  5.3452484E-02 it           0 (9.105470079551986E-002,0.242062400728465)
  5.3452484E-02 it           0 (9.105470079551986E-002,0.242062400728465)
  0.1729759     it           0 (-0.870808726328385,1.28097233060379)
  0.1729759     it           0 (5.412864794930901E-002,-1.06610928994846)
  0.2264284     it           0 (-0.681247819090482,-1.14478354493102)
  0.2264284     it           0 (0.284401762171615,-0.272037182731477)
  0.2798809     it           0 (0.290348451472332,-0.277082507777133)
  0.2798809     it           0 (0.554009266310493,-0.403832708993975)
  0.4402383     it           0 (-0.638374532728888,0.266821548147787)
  0.4402383     it           0 (0.573969476085569,0.924995996317049)
  0.4936908     it           0 (1.25908625972364,-2.245217343505969E-002)
  0.4936908     it           0 (0.122747343135443,-0.205148479466986)
  0.5471433     it           0 (-0.105365183449166,0.414850731167209)
  0.5471433     it           0 (0.237209742554104,-7.250301619053522E-002)
  0.6666667     it           0 (-0.271429616892750,0.291183113523078)
  0.6666667     it           0 (1.16807650468163,-0.605567318431139)
  0.7201192     it           0 (1.12059111540150,-0.486872299437295)
  0.7201192     it           0 (0.516399017741431,-0.231852348718750)
  0.7735716     it           0 (0.694646624391494,-0.173974049631728)
  0.7735716     it           0 (-0.659727000603481,0.145934428972289)
  0.8930950     it           0 (-0.118417174079408,-0.660257064556723)
  0.8930950     it           0 (-3.205746814575153E-002,-1.98769534539653)
  0.9465475     it           0 (-8.405844459871920E-002,-0.511542341509432)
  0.9465475     it           0 (-0.818134961330299,-1.26955586902614)
   1.000000     it           0 (0.172071734200138,-0.584526685669644)
 
  0.0000000E+00 it           0 (-0.551993012962043,3.930478850118720E-002)
  5.3452484E-02 it           0 (-0.551993012962043,3.930478850118720E-002)
  5.3452484E-02 it           0 (-0.551993012962043,3.930478850118720E-002)
  0.1729759     it           0 (9.522416925918897E-002,0.643332558617807)
  0.1729759     it           0 (0.419509449155628,0.267834325045504)
  0.2264284     it           0 (-4.684612961402945E-002,-0.155634415407387)
  0.2264284     it           0 (0.649523403264681,-0.248876451763965)
  0.2798809     it           0 (0.653938930080563,-0.252418907003986)
  0.2798809     it           0 (0.930958419234210,-0.196630328378732)
  0.4402383     it           0 (3.501944585289890E-002,5.055979748839954E-002)
  0.4402383     it           0 (-0.611092063295368,0.234634634442563)
  0.4936908     it           0 (0.493666422843250,-0.280047648708844)
  0.4936908     it           0 (-0.546737212384909,-0.996818992920544)
  0.5471433     it           0 (-0.667909297194807,-0.502912756054867)
  0.5471433     it           0 (-1.21668315025790,-1.16551841680898)
  0.6666667     it           0 (1.34888835487029,-0.876515125183456)
  0.6666667     it           0 (0.403643567355980,-0.291590082971109)
  0.7201192     it           0 (0.237782007460774,-0.237138198030336)
  0.7201192     it           0 (-0.411687353075798,-9.142906709693259E-002)
  0.7735716     it           0 (0.836118386566698,-0.131994654456449)
  0.7735716     it           0 (1.72403984295195,-3.705282304075046E-002)
  0.8930950     it           0 (9.128737195472619E-002,-0.786167232137445)
  0.8930950     it           0 (0.161063670362566,-0.591741687697063)
  0.9465475     it           0 (-0.113757679887498,0.883633990388344)
  0.9465475     it           0 (-0.965118949081560,-0.396233085524170)
   1.000000     it           0 (-0.106919014065085,3.227424692227236E-002)
 
  0.0000000E+00 it           0 (-0.565475522780004,-0.957795054091156)
  5.3452484E-02 it           0 (-0.565475522780004,-0.957795054091156)
  5.3452484E-02 it           0 (-0.565475522780004,-0.957795054091156)
  0.1729759     it           0 (0.106585064970429,-0.731845450518173)
  0.1729759     it           0 (0.327718677375433,0.367268869970233)
  0.2264284     it           0 (0.166731320460760,-0.694830418321676)
  0.2264284     it           0 (0.660971630083984,-1.19783625496881)
  0.2798809     it           0 (0.665106694889713,-1.19970366048474)
  0.2798809     it           0 (0.167831695035367,-0.385409936301530)
  0.4402383     it           0 (-0.570235928547001,1.63980192488013)
  0.4402383     it           0 (0.154923428907398,0.865004496102121)
  0.4936908     it           0 (-0.370204411924567,1.75287350655418)
  0.4936908     it           0 (0.552988182282230,1.63241622090297)
  0.5471433     it           0 (0.212781447208613,0.527286186419118)
  0.5471433     it           0 (0.246945655587291,0.554111924088677)
  0.6666667     it           0 (-0.327911629797531,-0.581870201195214)
  0.6666667     it           0 (-0.322944245830157,-0.586454130477920)
  0.7201192     it           0 (0.935542485419195,1.42133043205037)
  0.7201192     it           0 (-0.288795822273227,1.02794369977649)
  0.7735716     it           0 (-0.197500714823225,1.09439798030966)
  0.7735716     it           0 (0.123299058323827,5.237433862323453E-002)
  0.8930950     it           0 (-1.20297544763434,-0.164261038295829)
  0.8930950     it           0 (-1.38330531217023,-0.157907101964662)
  0.9465475     it           0 (-0.631862119578160,-0.164918464583277)
  0.9465475     it           0 (0.959725576483984,0.224160981095101)
   1.000000     it           0 (-0.377569226590295,-8.204194432391973E-002)
 
  0.0000000E+00 it           0 (-0.697048020818052,0.513046071540090)
  5.3452484E-02 it           0 (-0.697048020818052,0.513046071540090)
  5.3452484E-02 it           0 (-0.697048020818052,0.513046071540090)
  0.1729759     it           0 (-0.223454652612324,-1.14648009620209)
  0.1729759     it           0 (0.237981418851708,-0.999682362086467)
  0.2264284     it           0 (0.258878686256045,-0.441397267980574)
  0.2264284     it           0 (0.478654233198594,-0.217602794929168)
  0.2798809     it           0 (0.470083549305038,-0.222856998289013)
  0.2798809     it           0 (-0.206686435121997,0.914326993119358)
  0.4402383     it           0 (-0.347853955257625,-0.201063649398512)
  0.4402383     it           0 (0.484931185155174,-1.04691767728026)
  0.4936908     it           0 (-0.297256767396736,-0.235933919423247)
  0.4936908     it           0 (-9.728868507836394E-002,-4.724831836744038E-002)
  0.5471433     it           0 (-0.411397784831841,-1.29694365754520)
  0.5471433     it           0 (-0.552799852284556,-1.40334305966215)
  0.6666667     it           0 (0.823675126338703,1.14606077214173)
  0.6666667     it           0 (0.808319280485664,1.15887592876670)
  0.7201192     it           0 (2.866291808546691E-002,-9.284099552998260E-002)
  0.7201192     it           0 (-0.279475538700655,1.20884526130722)
  0.7735716     it           0 (-0.239902155126804,1.03643874316136)
  0.7735716     it           0 (0.310646342979224,-1.30447784316865)
  0.8930950     it           0 (0.750211576882426,-0.182638579058603)
  0.8930950     it           0 (0.840464570177817,-0.192572793188298)
  0.9465475     it           0 (-1.16356155066784,-0.178500140011408)
  0.9465475     it           0 (-1.68899429869670,-0.169342245998896)
   1.000000     it           0 (8.898959839145913E-002,0.124639775207985)
 
  0.0000000E+00 it           0 (-0.254994140888322,-0.113648179836577)
  5.3452484E-02 it           0 (-0.254994140888322,-0.113648179836577)
  5.3452484E-02 it           0 (-0.254994140888322,-0.113648179836577)
  0.1729759     it           0 (0.159304576550829,-0.589379213415642)
  0.1729759     it           0 (-6.987958725732796E-002,-1.63560773159761)
  0.2264284     it           0 (-0.180814579347172,-2.57189814481549)
  0.2264284     it           0 (-0.239587136194230,-0.702092870106407)
  0.2798809     it           0 (-0.235452071385344,-0.703960275619593)
  0.2798809     it           0 (-0.748536761449224,0.187491493277979)
  0.4402383     it           0 (-0.238259638066450,0.528215126697969)
  0.4402383     it           0 (0.611903180551863,-0.742380218598139)
  0.4936908     it           0 (-8.356175129326984E-003,0.331884804688734)
  0.4936908     it           0 (0.128432035399175,0.475679863422591)
  0.5471433     it           0 (-0.270945353064968,-0.744382460484606)
  0.5471433     it           0 (-0.213929168547685,-0.665051933738937)
  0.6666667     it           0 (0.433577803795239,0.612308995697759)
  0.6666667     it           0 (0.438545187763266,0.607725066414636)
  0.7201192     it           0 (0.172743521484426,0.232121667110156)
  0.7201192     it           0 (-3.062446392327555E-002,-0.776343684691349)
  0.7735716     it           0 (-0.141589273383637,0.547762446810864)
  0.7735716     it           0 (0.166145221891709,-0.352135117251674)
  0.8930950     it           0 (0.180083558650851,-9.736191748935757E-002)
  0.8930950     it           0 (0.221570040297431,-9.497721002315818E-002)
  0.9465475     it           0 (0.751196886707010,-9.801934377678029E-002)
  0.9465475     it           0 (-0.872385749846446,8.554387893591083E-003)
   1.000000     it           0 (-2.24853102660050,-0.313911861647215)
 
  0.0000000E+00 it           0 (0.442273785132504,-6.443972197333976E-015)
  5.3452484E-02 it           0 (0.442273785132504,-6.443972197333976E-015)
  5.3452484E-02 it           0 (0.442273785132504,-6.443972197333976E-015)
  0.1729759     it           0 (-1.95412897557648,-7.341484723906541E-015)
  0.1729759     it           0 (0.138051227207604,1.854784897752584E-015)
  0.2264284     it           0 (-1.16055971330876,5.660250762854475E-015)
  0.2264284     it           0 (0.414821727230363,7.925641355946675E-015)
  0.2798809     it           0 (0.413962476303924,-4.320939970896812E-014)
  0.2798809     it           0 (0.339821892310199,-1.631115910872056E-014)
  0.4402383     it           0 (-0.714610074660129,-1.626199863416620E-014)
  0.4402383     it           0 (-0.147493156786835,-2.946256743139543E-014)
  0.4936908     it           0 (0.754583985625987,-1.396782593156792E-014)
  0.4936908     it           0 (0.754821610760067,-7.511816586874505E-017)
  0.5471433     it           0 (-0.277651139030188,-6.923532989726980E-016)
  0.5471433     it           0 (0.685253436501758,1.301472568483848E-016)
  0.6666667     it           0 (0.560249538588857,1.508534036244722E-014)
  0.6666667     it           0 (0.559595509714943,2.016246079452030E-014)
  0.7201192     it           0 (0.435056027432836,-5.928885944727736E-015)
  0.7201192     it           0 (0.524305062772855,6.797916266886848E-016)
  0.7735716     it           0 (-0.325247971553274,8.197495607571186E-016)
  0.7735716     it           0 (0.575810665918614,8.297790732103905E-015)
  0.8930950     it           0 (0.176222418817455,-2.331177534545756E-015)
  0.8930950     it           0 (0.162532566431993,-1.605316921706995E-015)
  0.9465475     it           0 (0.868057879531459,2.403004406452203E-015)
  0.9465475     it           0 (-1.49806516337551,9.414169095831143E-015)
   1.000000     it           0 (-0.168020955690561,-8.789025544596705E-015)
 
  0.0000000E+00 it           0 (0.327943441350028,-4.656528308676709E-003)
  5.3452484E-02 it           0 (0.327943441350028,-4.656528308676709E-003)
  5.3452484E-02 it           0 (0.327943441350028,-4.656528308676709E-003)
  0.1729759     it           0 (0.471424706351451,5.997275519373686E-002)
  0.1729759     it           0 (-1.81706385576408,-5.302822456263651E-002)
  0.2264284     it           0 (0.400507269045713,-2.888575263598616E-002)
  0.2264284     it           0 (-1.50547785717816,-1.091550131410456E-002)
  0.2798809     it           0 (-1.50538437294144,-1.156089128462687E-002)
  0.2798809     it           0 (-1.58399935723492,-1.434452195303682E-002)
  0.4402383     it           0 (-1.00814692864130,-2.130095876524358E-002)
  0.4402383     it           0 (0.568081160991872,-3.377577257365242E-002)
  0.4936908     it           0 (-0.739585564030425,-1.806766286176767E-002)
  0.4936908     it           0 (1.40131421801460,1.282998917592214E-004)
  0.5471433     it           0 (6.690411853588596E-002,-1.681843587463152E-004)
  0.5471433     it           0 (-1.38611267513062,-3.221273110068053E-004)
  0.6666667     it           0 (0.754797297835161,-8.826321342964691E-002)
  0.6666667     it           0 (0.757186487853771,-8.672333771326733E-002)
  0.7201192     it           0 (0.963382619106595,-7.964666199572232E-002)
  0.7201192     it           0 (-2.06217473886222,9.678970574327397E-002)
  0.7735716     it           0 (1.63625722789369,-9.552638845767009E-002)
  0.7735716     it           0 (2.17085525891664,8.431999591975649E-002)
  0.8930950     it           0 (-1.00666860254674,-1.511296124234403E-004)
  0.8930950     it           0 (-1.00667490639590,-5.715051790269305E-004)
  0.9465475     it           0 (-0.169388865838300,8.868695433565878E-004)
  0.9465475     it           0 (3.785572947689259E-002,2.071054652563018E-003)
   1.000000     it           0 (-0.133879034311198,-1.791853610078759E-003)
 
  0.0000000E+00 it           0 (-0.318056694947684,0.000000000000000E+000)
  5.3452484E-02 it           0 (-0.318056694947684,0.000000000000000E+000)
  5.3452484E-02 it           0 (-0.318056694947684,0.000000000000000E+000)
  0.1729759     it           0 (-7.675017072789751E-002,0.000000000000000E+000)
  0.1729759     it           0 (-0.153206600547500,0.000000000000000E+000)
  0.2264284     it           0 (-1.44247196776891,0.000000000000000E+000)
  0.2264284     it           0 (-3.508011185429463E-002,0.000000000000000E+000)
  0.2798809     it           0 (-3.593936278074372E-002,0.000000000000000E+000)
  0.2798809     it           0 (-9.241489964174926E-002,0.000000000000000E+000)
  0.4402383     it           0 (1.41254513318152,0.000000000000000E+000)
  0.4402383     it           0 (-1.48631209172427,0.000000000000000E+000)
  0.4936908     it           0 (-3.727577660861627E-002,0.000000000000000E+000)
  0.4936908     it           0 (-0.687765371863834,0.000000000000000E+000)
  0.5471433     it           0 (-1.70623052600390,0.000000000000000E+000)
  0.5471433     it           0 (-0.748317837908736,0.000000000000000E+000)
  0.6666667     it           0 (0.734576858597343,0.000000000000000E+000)
  0.6666667     it           0 (0.733922829723420,0.000000000000000E+000)
  0.7201192     it           0 (0.568819278836655,0.000000000000000E+000)
  0.7201192     it           0 (-1.41974379524442,0.000000000000000E+000)
  0.7735716     it           0 (1.383143462906365E-002,0.000000000000000E+000)
  0.7735716     it           0 (6.884805382176136E-002,0.000000000000000E+000)
  0.8930950     it           0 (-1.75784742493622,0.000000000000000E+000)
  0.8930950     it           0 (-1.75553768874910,0.000000000000000E+000)
  0.9465475     it           0 (-1.06601196422220,0.000000000000000E+000)
  0.9465475     it           0 (-0.197995095435437,0.000000000000000E+000)
   1.000000     it           0 (1.72051086195780,0.000000000000000E+000)
 
