     Re(A^λ_cvkq)     Im(A^λ_cvkq)i2 dim_b       c       v       k   Q idx   E(eV)
  9.625930806790627E-003  2.747390242596046E-002           1           3
           2           1           1   2.66824855149103     
  1.233302833875198E-002  3.507001187080315E-002           1           3
           2           2           1   3.00970587607772     
  9.625930806790615E-003  2.747390242596044E-002           1           3
           2           3           1   3.15785456736310     
 -8.159638351350186E-002  4.840088870596795E-002           1           5
           4           4           1   3.84251633062121     
 -0.103348690210802       6.091037825090704E-002           1           5
           4           5           1   4.00431268950921     
 -8.159638351350183E-002  4.840088870596797E-002           1           5
           4           6           1   4.38245239025006     
  0.122476439575238      -1.561459801964110E-002           1           5
           4           7           1   4.41623560042077     
  0.154891864149083      -1.977723157271019E-002           1           5
           4           8           1   4.61991595063180     
  0.122476439575238      -1.561459801964109E-002           1           5
           4           9           1   4.84820969458040     
 -0.107288780801961       5.359344556665999E-002           1           5
           4          10           1   5.14156988621122     
 -0.136048341228427       6.777281972500740E-002           1           5
           4          11           1   5.17737037415012     
 -0.107288780801960       5.359344556665997E-002           1           5
           4          12           1   5.18072895894565     
  0.162930276543034      -0.211856848078297                1           5
           4          13           1   5.40713569454753     
  0.207493131315951      -0.269327541706693                1           5
           4          14           1   5.45671460417121     
  0.162930276543034      -0.211856848078297                1           5
           4          15           1   5.50675185178237     
 -0.340468608522410      -2.641337318240760E-002           1           5
           4          16           1   5.63360970801880     
 -0.432902890756892      -3.356398416821440E-002           1           5
           4          17           1   5.71654628745656     
 -0.340468608522410      -2.641337318240759E-002           1           5
           4          18           1   5.96959082168446     
 -4.459755567240127E-002  2.388765603920633E-002           1           5
           4          19           1   5.98024292184344     
 -5.592151049863014E-002  3.016583295353900E-002           1           5
           4          20           1   6.10642871989055     
 -4.459755567240130E-002  2.388765603920634E-002           1           5
           4          21           1   6.18068802301345     
 -4.737067447692853E-002  2.497818165027607E-002           1           5
           4          22           1   6.26455775817077     
 -6.028211445589409E-002  3.185809030162241E-002           1           5
           4          23           1   6.28720586205087     
 -4.737067447692855E-002  2.497818165027606E-002           1           5
           4          24           1   6.39828371812199     
 -0.208922729601025      -1.246038166752060E-017           1           5
           4          25           1   6.44649687904591     
 -0.265965944504052       5.107794843324906E-004           1           5
           4          26           1   6.55772029391742     
 -0.208922729601025       0.000000000000000E+000           1           5
           4          27           1   6.60854695283898     
  9.625930806790627E-003  2.747390242596046E-002           1           3
           2           1           2   2.66824855149103     
  1.233302833875198E-002  3.507001187080315E-002           1           3
           2           2           2   3.00970587607772     
  9.625930806790615E-003  2.747390242596044E-002           1           3
           2           3           2   3.15785456736310     
 -8.159638351350186E-002  4.840088870596795E-002           1           5
           4           4           2   3.84251633062121     
 -0.103348690210802       6.091037825090704E-002           1           5
           4           5           2   4.00431268950921     
 -8.159638351350183E-002  4.840088870596797E-002           1           5
           4           6           2   4.38245239025006     
  0.122476439575238      -1.561459801964110E-002           1           5
           4           7           2   4.41623560042077     
  0.154891864149083      -1.977723157271019E-002           1           5
           4           8           2   4.61991595063180     
  0.122476439575238      -1.561459801964109E-002           1           5
           4           9           2   4.84820969458040     
 -0.107288780801961       5.359344556665999E-002           1           5
           4          10           2   5.14156988621122     
 -0.136048341228427       6.777281972500740E-002           1           5
           4          11           2   5.17737037415012     
 -0.107288780801960       5.359344556665997E-002           1           5
           4          12           2   5.18072895894565     
  0.162930276543034      -0.211856848078297                1           5
           4          13           2   5.40713569454753     
  0.207493131315951      -0.269327541706693                1           5
           4          14           2   5.45671460417121     
  0.162930276543034      -0.211856848078297                1           5
           4          15           2   5.50675185178237     
 -0.340468608522410      -2.641337318240760E-002           1           5
           4          16           2   5.63360970801880     
 -0.432902890756892      -3.356398416821440E-002           1           5
           4          17           2   5.71654628745656     
 -0.340468608522410      -2.641337318240759E-002           1           5
           4          18           2   5.96959082168446     
 -4.459755567240127E-002  2.388765603920633E-002           1           5
           4          19           2   5.98024292184344     
 -5.592151049863014E-002  3.016583295353900E-002           1           5
           4          20           2   6.10642871989055     
 -4.459755567240130E-002  2.388765603920634E-002           1           5
           4          21           2   6.18068802301345     
 -4.737067447692853E-002  2.497818165027607E-002           1           5
           4          22           2   6.26455775817077     
 -6.028211445589409E-002  3.185809030162241E-002           1           5
           4          23           2   6.28720586205087     
 -4.737067447692855E-002  2.497818165027606E-002           1           5
           4          24           2   6.39828371812199     
 -0.208922729601025      -1.246038166752060E-017           1           5
           4          25           2   6.44649687904591     
 -0.265965944504052       5.107794843324906E-004           1           5
           4          26           2   6.55772029391742     
 -0.208922729601025       0.000000000000000E+000           1           5
           4          27           2   6.60854695283898     
  9.625930806790627E-003  2.747390242596046E-002           1           3
           2           1           3   2.66824855149103     
  1.233302833875198E-002  3.507001187080315E-002           1           3
           2           2           3   3.00970587607772     
  9.625930806790615E-003  2.747390242596044E-002           1           3
           2           3           3   3.15785456736310     
 -8.159638351350186E-002  4.840088870596795E-002           1           5
           4           4           3   3.84251633062121     
 -0.103348690210802       6.091037825090704E-002           1           5
           4           5           3   4.00431268950921     
 -8.159638351350183E-002  4.840088870596797E-002           1           5
           4           6           3   4.38245239025006     
  0.122476439575238      -1.561459801964110E-002           1           5
           4           7           3   4.41623560042077     
  0.154891864149083      -1.977723157271019E-002           1           5
           4           8           3   4.61991595063180     
  0.122476439575238      -1.561459801964109E-002           1           5
           4           9           3   4.84820969458040     
 -0.107288780801961       5.359344556665999E-002           1           5
           4          10           3   5.14156988621122     
 -0.136048341228427       6.777281972500740E-002           1           5
           4          11           3   5.17737037415012     
 -0.107288780801960       5.359344556665997E-002           1           5
           4          12           3   5.18072895894565     
  0.162930276543034      -0.211856848078297                1           5
           4          13           3   5.40713569454753     
  0.207493131315951      -0.269327541706693                1           5
           4          14           3   5.45671460417121     
  0.162930276543034      -0.211856848078297                1           5
           4          15           3   5.50675185178237     
 -0.340468608522410      -2.641337318240760E-002           1           5
           4          16           3   5.63360970801880     
 -0.432902890756892      -3.356398416821440E-002           1           5
           4          17           3   5.71654628745656     
 -0.340468608522410      -2.641337318240759E-002           1           5
           4          18           3   5.96959082168446     
 -4.459755567240127E-002  2.388765603920633E-002           1           5
           4          19           3   5.98024292184344     
 -5.592151049863014E-002  3.016583295353900E-002           1           5
           4          20           3   6.10642871989055     
 -4.459755567240130E-002  2.388765603920634E-002           1           5
           4          21           3   6.18068802301345     
 -4.737067447692853E-002  2.497818165027607E-002           1           5
           4          22           3   6.26455775817077     
 -6.028211445589409E-002  3.185809030162241E-002           1           5
           4          23           3   6.28720586205087     
 -4.737067447692855E-002  2.497818165027606E-002           1           5
           4          24           3   6.39828371812199     
 -0.208922729601025      -1.246038166752060E-017           1           5
           4          25           3   6.44649687904591     
 -0.265965944504052       5.107794843324906E-004           1           5
           4          26           3   6.55772029391742     
 -0.208922729601025       0.000000000000000E+000           1           5
           4          27           3   6.60854695283898     
  5.727624215681486E-003  2.642488487573827E-004           1           3
           2           1           4  0.818784368341323     
  6.043756059629439E-003  2.258490679562435E-004           1           3
           2           2           4   3.11843726914479     
  5.727624215681467E-003  2.642488487574924E-004           1           3
           2           3           4   3.29391234544649     
  1.670571237722732E-004  6.241010847325009E-002           1           5
           4           4           4   3.46489641522403     
  9.929081893776619E-005  7.768866948474006E-002           1           5
           4           5           4   3.74049530974845     
  1.670571237722948E-004  6.241010847325016E-002           1           5
           4           6           4   3.94058812035148     
 -2.764071023750895E-002  9.041706046611780E-002           1           5
           4           7           4   4.03296118933854     
 -3.315044153214485E-002  0.107782815771696                1           5
           4           8           4   4.38450188681377     
 -2.764071023750894E-002  9.041706046611753E-002           1           5
           4           9           4   4.71514619729619     
  1.827122820701970E-002  2.654399996473278E-002           1           5
           4          10           4   4.78517830701900     
  2.232335827964812E-002  3.212831027180518E-002           1           5
           4          11           4   4.98891780984879     
  1.827122820701943E-002  2.654399996473281E-002           1           5
           4          12           4   5.14052336811552     
 -1.884744957763658E-003  0.223693276402946                1           5
           4          13           4   5.32169559294836     
 -2.367771721363343E-003  0.279789663147252                1           5
           4          14           4   5.40786671536469     
 -1.884744957763622E-003  0.223693276402946                1           5
           4          15           4   5.49638845815813     
  0.336656664647997       7.222291240465922E-002           1           5
           4          16           4   5.72797805288501     
  0.426915513511471       9.131709784868651E-002           1           5
           4          17           4   5.83579136919519     
  0.336656664647998       7.222291240465933E-002           1           5
           4          18           4   6.23825699663673     
  6.246399987522839E-003  1.564844387259797E-002           1           5
           4          19           4   6.27130791529936     
  7.506120228583388E-003  1.879531332130117E-002           1           5
           4          20           4   6.33159441598470     
  6.246399987522852E-003  1.564844387259805E-002           1           5
           4          21           4   6.48268895076001     
  7.517006779302450E-003  2.991647644938139E-002           1           5
           4          22           4   6.63492917349633     
  9.391990148817959E-003  3.731811332089166E-002           1           5
           4          23           4   6.87094627880697     
  7.517006779302508E-003  2.991647644938153E-002           1           5
           4          24           4   7.09427640849950     
 -0.308116954154060       4.383605056774919E-018           1           5
           4          25           4   7.53656832332665     
 -0.389308237753818      -2.404299777969199E-004           1           5
           4          26           4   7.64998886300879     
 -0.308116954154061       0.000000000000000E+000           1           5
           4          27           4   7.76987352289255     
  4.345933143028547E-003 -1.502680549606556E-004           1           3
           2           1           5  0.805133315152275     
  4.545516455189627E-003 -2.253469460797794E-004           1           3
           2           2           5   2.59090970490430     
  4.345933143028515E-003 -1.502680549603665E-004           1           3
           2           3           5   3.11843726914479     
  7.102217225971238E-005  6.316439326974285E-002           1           5
           4           4           5   3.46489641522403     
  6.242843934346373E-006  7.852412777129977E-002           1           5
           4           5           5   3.73453063988308     
  7.102217225972267E-005  6.316439326974291E-002           1           5
           4           6           5   3.93209243820300     
 -2.048918326897938E-002  6.523537984178020E-002           1           5
           4           7           5   3.96428340671936     
 -2.455438791599662E-002  7.751553140400143E-002           1           5
           4           8           5   4.37194270679354     
 -2.048918326897937E-002  6.523537984178003E-002           1           5
           4           9           5   4.71371614564698     
  1.817177705183907E-002  2.600299548782995E-002           1           5
           4          10           5   4.78517830701900     
  2.222517674987026E-002  3.156542011860976E-002           1           5
           4          11           5   4.97624534250170     
  1.817177705183882E-002  2.600299548783004E-002           1           5
           4          12           5   5.12440752137273     
 -1.630156900003791E-003  0.224684317740610                1           5
           4          13           5   5.32147796875040     
 -2.047366796440745E-003  0.280978578764888                1           5
           4          14           5   5.40786671536469     
 -1.630156900003768E-003  0.224684317740610                1           5
           4          15           5   5.49638845815814     
  0.339665409508089       7.216742820523839E-002           1           5
           4          16           5   5.68016039643049     
  0.430343150685431       9.123275956901955E-002           1           5
           4          17           5   5.83579136919519     
  0.339665409508089       7.216742820523830E-002           1           5
           4          18           5   6.16210684090802     
  6.488085375443898E-003  1.611543700939719E-002           1           5
           4          19           5   6.23831803008303     
  7.769153251377381E-003  1.930750361128112E-002           1           5
           4          20           5   6.27492853005956     
  6.488085375443713E-003  1.611543700939691E-002           1           5
           4          21           5   6.48035431258155     
  7.534884822888942E-003  3.005343859286575E-002           1           5
           4          22           5   6.63492917349633     
  9.415278209480500E-003  3.747736015833102E-002           1           5
           4          23           5   6.87094627880697     
  7.534884822888864E-003  3.005343859286538E-002           1           5
           4          24           5   7.09427640849950     
 -0.310872374183961       4.352112739945981E-018           1           5
           4          25           5   7.53651277720748     
 -0.392418785540490      -1.797431352945021E-004           1           5
           4          26           5   7.64927537503350     
 -0.310872374183961       0.000000000000000E+000           1           5
           4          27           5   7.76696144823929     
  2.532240868919248E-003 -6.847051969240471E-004           1           3
           2           1           6  0.787521552386727     
  2.580387957220852E-003 -8.065760290423392E-004           1           3
           2           2           6   2.09025012328451     
  2.532240868918875E-003 -6.847051969239448E-004           1           3
           2           3           6   3.11843726914479     
 -5.349396529500425E-005  6.391094268898430E-002           1           5
           4           4           6   3.46489641522403     
 -1.141712091467080E-004  7.931893169430851E-002           1           5
           4           5           6   3.73282920948916     
 -5.349396529503445E-005  6.391094268898405E-002           1           5
           4           6           6   3.92260355643552     
 -1.141247225728420E-002  3.305445576394105E-002           1           5
           4           7           6   3.95426787635501     
 -1.366366220690795E-002  3.890710511053658E-002           1           5
           4           8           6   4.36847548065855     
 -1.141247225728422E-002  3.305445576394104E-002           1           5
           4           9           6   4.71317484595023     
  1.797234268711531E-002  2.520065456593485E-002           1           5
           4          10           6   4.78517830701900     
  2.201218673566043E-002  3.071394254150451E-002           1           5
           4          11           6   4.97034379596118     
  1.797234268711593E-002  2.520065456593493E-002           1           5
           4          12           6   5.11806078482802     
 -1.295501198493533E-003  0.225133278103738                1           5
           4          13           6   5.32138050696924     
 -1.626339241689512E-003  0.281474796398412                1           5
           4          14           6   5.40786671536468     
 -1.295501198493570E-003  0.225133278103738                1           5
           4          15           6   5.49638845815813     
  0.342303549457746       7.182361026631477E-002           1           5
           4          16           6   5.65513533361792     
  0.433186071611463       9.078084401821244E-002           1           5
           4          17           6   5.83579136919519     
  0.342303549457746       7.182361026631469E-002           1           5
           4          18           6   6.10766843450245     
  6.779413182193346E-003  1.666294073544217E-002           1           5
           4          19           6   6.23830439579572     
  8.083444022489311E-003  1.990174621823475E-002           1           5
           4          20           6   6.27450022033317     
  6.779413182193731E-003  1.666294073544261E-002           1           5
           4          21           6   6.48000773387433     
  7.530283749980767E-003  3.011961506294317E-002           1           5
           4          22           6   6.63492917349633     
  9.410738509650112E-003  3.754494262312738E-002           1           5
           4          23           6   6.87094627880697     
  7.530283749980811E-003  3.011961506294325E-002           1           5
           4          24           6   7.09427640849950     
 -0.313297574299518       1.563133111701531E-017           1           5
           4          25           6   7.53649236128750     
 -0.395001971484742      -1.009656777837914E-004           1           5
           4          26           6   7.64900501497436     
 -0.313297574299518       0.000000000000000E+000           1           5
           4          27           6   7.76587986642395     
  4.092109768825936E-003 -7.603987904543534E-003           1           3
           2           1           7   1.74485991818259     
  5.011351285456790E-003 -9.316237861531958E-003           1           3
           2           2           7   2.02060161504013     
  4.092109768825921E-003 -7.603987904543493E-003           1           3
           2           3           7   2.82474167535482     
 -0.448586777028642      -0.261335299939088                1           5
           4           4           7   3.11845801076794     
 -0.580760752249687      -0.338333348159203                1           5
           4           5           7   3.91667991752762     
 -0.448586777028643      -0.261335299939088                1           5
           4           6           7   3.99476960007025     
  6.415176624784650E-003  3.604138246424330E-003           1           5
           4           7           7   4.04627435091417     
  7.961711907892915E-003  4.475702808913893E-003           1           5
           4           8           7   4.26185400020389     
  6.415176624784670E-003  3.604138246424271E-003           1           5
           4           9           7   4.27013643714077     
  8.763814319861299E-003  4.839775319030086E-003           1           5
           4          10           7   4.71718107909072     
  1.092224054455464E-002  6.027575463971410E-003           1           5
           4          11           7   4.97952132704475     
  8.763814319861420E-003  4.839775319030084E-003           1           5
           4          12           7   5.01529851192383     
 -1.900623305660550E-002  3.765648593678984E-002           1           5
           4          13           7   5.06588629403559     
 -2.419807785467148E-002  4.792122293163039E-002           1           5
           4          14           7   5.40666640389073     
 -1.900623305660551E-002  3.765648593678988E-002           1           5
           4          15           7   5.49879176175318     
  1.479786385500887E-002 -1.498057844319785E-002           1           5
           4          16           7   5.54841667605624     
  1.864826878329745E-002 -1.886213945149782E-002           1           5
           4          17           7   5.73986064828491     
  1.479786385500889E-002 -1.498057844319790E-002           1           5
           4          18           7   6.22529017079527     
 -1.120284284988798E-003 -3.736338872961351E-004           1           5
           4          19           7   6.30446406602646     
 -1.329341887066381E-003 -4.510166044335772E-004           1           5
           4          20           7   6.33952380973121     
 -1.120284284989059E-003 -3.736338872960519E-004           1           5
           4          21           7   6.44486933284435     
 -3.257344686445560E-003 -2.056599230769705E-004           1           5
           4          22           7   6.54244502330120     
 -3.988404541477095E-003 -5.294389765478318E-004           1           5
           4          23           7   6.83798895028588     
 -3.257344686445624E-003 -2.056599230770166E-004           1           5
           4          24           7   7.20674682202839     
  9.403242789921927E-003 -4.901702262330898E-018           1           5
           4          25           7   7.48532992275780     
  1.167402975635373E-002 -4.466401239061261E-005           1           5
           4          26           7   7.64629109873813     
  9.403242789921846E-003  0.000000000000000E+000           1           5
           4          27           7   7.81577234646220     
  4.117271657477065E-003 -7.673179113446715E-003           1           3
           2           1           8   1.74483555526453     
  5.042463260391115E-003 -9.401557204319795E-003           1           3
           2           2           8   2.01724828081116     
  4.117271657477051E-003 -7.673179113446760E-003           1           3
           2           3           8   2.82081263715896     
 -0.448875337431122      -0.260739443169803                1           5
           4           4           8   3.11845801076794     
 -0.581134064703911      -0.337561749013956                1           5
           4           5           8   3.91667991456619     
 -0.448875337431121      -0.260739443169802                1           5
           4           6           8   3.99465680743362     
  6.474592058616806E-003  3.627990907711915E-003           1           5
           4           7           8   4.04627435091417     
  8.036005221681913E-003  4.505682592483391E-003           1           5
           4           8           8   4.26185400020389     
  6.474592058616688E-003  3.627990907712002E-003           1           5
           4           9           8   4.26990982863640     
  8.835066533992722E-003  4.864474157646359E-003           1           5
           4          10           8   4.71711418352331     
  1.101094484636972E-002  6.058320295358651E-003           1           5
           4          11           8   4.97939778220755     
  8.835066533992556E-003  4.864474157646332E-003           1           5
           4          12           8   5.01398655824094     
 -1.916931871955233E-002  3.809122131970211E-002           1           5
           4          13           8   5.06585371324145     
 -2.440055427831720E-002  4.846240903066152E-002           1           5
           4          14           8   5.40666640389073     
 -1.916931871955227E-002  3.809122131970229E-002           1           5
           4          15           8   5.49857614265999     
  1.493112393213317E-002 -1.514089166632349E-002           1           5
           4          16           8   5.54841667605624     
  1.881604971663675E-002 -1.906376706473554E-002           1           5
           4          17           8   5.73986064828491     
  1.493112393213327E-002 -1.514089166632339E-002           1           5
           4          18           8   6.22528783117341     
 -1.138270430949996E-003 -3.804705536801328E-004           1           5
           4          19           8   6.30445815036280     
 -1.348327990471097E-003 -4.579942820078653E-004           1           5
           4          20           8   6.33913077214822     
 -1.138270430949884E-003 -3.804705536801720E-004           1           5
           4          21           8   6.44486899827065     
 -3.172212593220255E-003 -3.883494724391284E-004           1           5
           4          22           8   6.54244502330120     
 -3.887414684971020E-003 -7.518131691773731E-004           1           5
           4          23           8   6.83798895028587     
 -3.172212593220006E-003 -3.883494724392518E-004           1           5
           4          24           8   7.20674682202839     
  9.527611935091039E-003  2.731866273802568E-017           1           5
           4          25           8   7.48532552130975     
  1.182792256557719E-002 -4.523965795393034E-005           1           5
           4          26           8   7.64628436196806     
  9.527611935091013E-003  0.000000000000000E+000           1           5
           4          27           8   7.81576637958376     
  4.156782525393178E-003 -7.781265584939251E-003           1           3
           2           1           9   1.74479743862516     
  5.091312997380379E-003 -9.534840875883218E-003           1           3
           2           2           9   2.01214725834727     
  4.156782525393143E-003 -7.781265584939237E-003           1           3
           2           3           9   2.81496422481370     
 -0.449307178313969      -0.259835364126372                1           5
           4           4           9   3.11845801076794     
 -0.581692721081079      -0.336391013424530                1           5
           4           5           9   3.91667991014126     
 -0.449307178313969      -0.259835364126371                1           5
           4           6           9   3.99448862258544     
  6.567411381134772E-003  3.665424181083988E-003           1           5
           4           7           9   4.04627435091418     
  8.152069739256146E-003  4.552726858586523E-003           1           5
           4           8           9   4.26185400020389     
  6.567411381134853E-003  3.665424181083886E-003           1           5
           4           9           9   4.26957171466012     
  8.946328603787699E-003  4.903327479260742E-003           1           5
           4          10           9   4.71701345942376     
  1.114945843155834E-002  6.106685189364314E-003           1           5
           4          11           9   4.97919532160176     
  8.946328603787574E-003  4.903327479260701E-003           1           5
           4          12           9   5.01204779135580     
 -1.942473536211305E-002  3.877082652680014E-002           1           5
           4          13           9   5.06580826644783     
 -2.471773024979266E-002  4.930838373249882E-002           1           5
           4          14           9   5.40666640389073     
 -1.942473536211280E-002  3.877082652679963E-002           1           5
           4          15           9   5.49825697358238     
  1.513975604702767E-002 -1.539135182496679E-002           1           5
           4          16           9   5.54841667605624     
  1.907872859982190E-002 -1.937877162968958E-002           1           5
           4          17           9   5.73986064828491     
  1.513975604702766E-002 -1.539135182496638E-002           1           5
           4          18           9   6.22528432297975     
 -1.166417504732916E-003 -3.911505803691440E-004           1           5
           4          19           9   6.30444910266018     
 -1.378034974367105E-003 -4.689035406534842E-004           1           5
           4          20           9   6.33854654241344     
 -1.166417504732950E-003 -3.911505803690754E-004           1           5
           4          21           9   6.44486850513512     
 -3.039914008245526E-003 -6.747697117747236E-004           1           5
           4          22           9   6.54244502330120     
 -3.730482418460808E-003 -1.100437372944747E-003           1           5
           4          23           9   6.83798895028587     
 -3.039914008245751E-003 -6.747697117743760E-004           1           5
           4          24           9   7.20674682202839     
  9.722152653789687E-003  1.112877390967735E-017           1           5
           4          25           9   7.48531896150101     
  1.206864465359567E-002 -4.613759432349612E-005           1           5
           4          26           9   7.64627431946863     
  9.722152653789578E-003  0.000000000000000E+000           1           5
           4          27           9   7.81575748329089     
  2.709320061759578E-002  4.473017969048475E-002           1           3
           2           1          10   1.89799979870555     
  3.246028962801727E-002  5.392581901137605E-002           1           3
           2           2          10   2.73055008149416     
  2.709320061759573E-002  4.473017969048479E-002           1           3
           2           3          10   3.11840422561786     
  2.041844264476712E-002 -4.695868454472313E-003           1           5
           4           4          10   3.44092543202791     
  2.516360462379416E-002 -5.283249840889637E-003           1           5
           4           5          10   3.60572248120905     
  2.041844264476719E-002 -4.695868454472488E-003           1           5
           4           6          10   3.93148973348168     
 -2.508397487231269E-002  2.527022902233366E-002           1           5
           4           7          10   4.07416278973574     
 -3.143068979684235E-002  3.162206826760017E-002           1           5
           4           8          10   4.14295468328870     
 -2.508397487231250E-002  2.527022902233353E-002           1           5
           4           9          10   4.24905318406522     
 -5.197534513377321E-002  2.706353838628519E-002           1           5
           4          10          10   5.01510287187831     
 -6.441644781099710E-002  3.335329330652800E-002           1           5
           4          11          10   5.03201730503605     
 -5.197534513377330E-002  2.706353838628520E-002           1           5
           4          12          10   5.05019904885906     
  6.040117140100239E-002 -0.222043721099065                1           5
           4          13          10   5.36773282890162     
  7.632741577274120E-002 -0.279542498680154                1           5
           4          14          10   5.55275811479134     
  6.040117140100264E-002 -0.222043721099065                1           5
           4          15          10   5.56240550268756     
  0.256274681031246      -0.133247012314204                1           5
           4          16          10   5.73561188805026     
  0.323785207246234      -0.168389236421478                1           5
           4          17          10   5.96781407924370     
  0.256274681031246      -0.133247012314204                1           5
           4          18          10   6.01716517108581     
 -7.663432481382398E-002  4.201906500626980E-002           1           5
           4          19          10   6.04060998689352     
 -0.100914868691679       5.542727502199515E-002           1           5
           4          20          10   6.39991608244108     
 -7.663432481382440E-002  4.201906500626975E-002           1           5
           4          21          10   6.54183504000993     
  1.515015404684168E-002 -4.857706256741655E-002           1           5
           4          22          10   6.82839027788951     
  1.949536214986256E-002 -6.194953452299122E-002           1           5
           4          23          10   6.86106165451278     
  1.515015404684174E-002 -4.857706256741656E-002           1           5
           4          24          10   6.95225285636662     
 -0.350620794371086      -5.062186665892951E-017           1           5
           4          25          10   7.62353771844226     
 -0.445700918248225       3.376918709056091E-004           1           5
           4          26          10   7.64175936509939     
 -0.350620794371087       0.000000000000000E+000           1           5
           4          27          10   7.69856177510459     
  2.704565951809235E-002  4.464841499618546E-002           1           3
           2           1          11   1.89765772224477     
  3.239745149961815E-002  5.381728441229671E-002           1           3
           2           2          11   2.50928124004269     
  2.704565951809226E-002  4.464841499618535E-002           1           3
           2           3          11   3.00512898828528     
  2.034007640808444E-002 -4.639867791928609E-003           1           5
           4           4          11   3.11840422561786     
  2.506855869788411E-002 -5.220733195819875E-003           1           5
           4           5          11   3.57356732622062     
  2.034007640808456E-002 -4.639867791928933E-003           1           5
           4           6          11   3.92783161007774     
 -2.501702549254873E-002  2.519887143962541E-002           1           5
           4           7          11   3.98368105226696     
 -3.134536213745789E-002  3.153185518576010E-002           1           5
           4           8          11   4.07416278973574     
 -2.501702549254851E-002  2.519887143962526E-002           1           5
           4           9          11   4.24905318406522     
 -5.175174645162769E-002  2.694157526199091E-002           1           5
           4          10          11   5.01430807776265     
 -6.413024877612078E-002  3.319715803021694E-002           1           5
           4          11          11   5.03201730503604     
 -5.175174645162767E-002  2.694157526199090E-002           1           5
           4          12          11   5.04903008782249     
  6.020392605402559E-002 -0.221355788576685                1           5
           4          13          11   5.34947043170697     
  7.607798982066463E-002 -0.278674669623523                1           5
           4          14          11   5.54293289131861     
  6.020392605402572E-002 -0.221355788576685                1           5
           4          15          11   5.55275811479134     
  0.255512135061842      -0.132846230903940                1           5
           4          16          11   5.63079334754806     
  0.322819828668869      -0.167882116595449                1           5
           4          17          11   5.91485478923684     
  0.255512135061841      -0.132846230903940                1           5
           4          18          11   6.01519727248334     
 -8.355507588575038E-002  4.632223380719608E-002           1           5
           4          19          11   6.04060998689351     
 -0.110042113795422       6.110229183780647E-002           1           5
           4          20          11   6.39925685204084     
 -8.355507588575087E-002  4.632223380719601E-002           1           5
           4          21          11   6.54180662490225     
  1.501878551251433E-002 -4.835393652958844E-002           1           5
           4          22          11   6.82839027788951     
  1.934871058896123E-002 -6.167831950620595E-002           1           5
           4          23          11   6.86106165451278     
  1.501878551251436E-002 -4.835393652958836E-002           1           5
           4          24          11   6.95225285636663     
 -0.349710419018793      -4.683492751702347E-018           1           5
           4          25          11   7.62315317908068     
 -0.444521401754259       3.367788290045346E-004           1           5
           4          26          11   7.64150807642944     
 -0.349710419018793       0.000000000000000E+000           1           5
           4          27          11   7.69664750748400     
  2.673040593497089E-002  4.411263117514762E-002           1           3
           2           1          12   1.89605942464046     
  3.199271783969219E-002  5.312567872202089E-002           1           3
           2           2          12   2.09726269830693     
  2.673040593497094E-002  4.411263117514775E-002           1           3
           2           3          12   2.89265674567173     
  1.990840006421779E-002 -4.365258021133623E-003           1           5
           4           4          12   3.11840422561786     
  2.454355759481124E-002 -4.913884895523006E-003           1           5
           4           5          12   3.56982739090264     
  1.990840006421778E-002 -4.365258021133606E-003           1           5
           4           6          12   3.92219887408541     
 -2.462128182505348E-002  2.478225043028138E-002           1           5
           4           7          12   3.95493212654853     
 -3.084291373930775E-002  3.100630690019554E-002           1           5
           4           8          12   4.07416278973575     
 -2.462128182505337E-002  2.478225043028128E-002           1           5
           4           9          12   4.24905318406523     
 -5.053571551514702E-002  2.628178143753135E-002           1           5
           4          10          12   5.01395165471076     
 -6.258137327679369E-002  3.235713122445078E-002           1           5
           4          11          12   5.03201730503604     
 -5.053571551514686E-002  2.628178143753134E-002           1           5
           4          12          12   5.04852400755746     
  5.908699742878136E-002 -0.217416560915699                1           5
           4          13          12   5.33763141197531     
  7.466578682904786E-002 -0.273707350300813                1           5
           4          14          12   5.52290513173609     
  5.908699742878133E-002 -0.217416560915699                1           5
           4          15          12   5.55275811479134     
  0.251111440702007      -0.130537578477646                1           5
           4          16          12   5.60568772723557     
  0.317250882240210      -0.164961656977941                1           5
           4          17          12   5.90514977820302     
  0.251111440702008      -0.130537578477646                1           5
           4          18          12   6.01500912954810     
 -0.115417136809111       6.619253620547354E-002           1           5
           4          19          12   6.04060998689352     
 -0.152051973764283       8.730033636424861E-002           1           5
           4          20          12   6.39908268563798     
 -0.115417136809112       6.619253620547350E-002           1           5
           4          21          12   6.54179844750359     
  1.437510476519871E-002 -4.716620671982473E-002           1           5
           4          22          12   6.82839027788950     
  1.862284701838403E-002 -6.022482085366394E-002           1           5
           4          23          12   6.86106165451278     
  1.437510476519873E-002 -4.716620671982462E-002           1           5
           4          24          12   6.95225285636663     
 -0.344296619214069       3.403467539906811E-017           1           5
           4          25          12   7.62299754508947     
 -0.437537544142061       3.313143773067730E-004           1           5
           4          26          12   7.64140979561975     
 -0.344296619214069       0.000000000000000E+000           1           5
           4          27          12   7.69591658881793     
  1.075440206617003E-004 -1.720976407599327E-004           1           3
           2           1          13  0.377248888890136     
  1.265920808335274E-004 -1.879186843515779E-004           1           3
           2           2          13   1.74999740860050     
  1.075440206616879E-004 -1.720976407598721E-004           1           3
           2           3          13   2.19271604013142     
 -5.126139889294840E-004 -4.912467345389594E-004           1           5
           4           4          13   2.54839633055519     
 -6.614090268569939E-004 -6.482511912789069E-004           1           5
           4           5          13   2.90289482369082     
 -5.126139889294738E-004 -4.912467345389524E-004           1           5
           4           6          13   3.80241381416555     
  1.015512167599896E-003 -7.832543744348710E-004           1           5
           4           7          13   4.08619697282029     
  1.310551915407548E-003 -1.024603488543304E-003           1           5
           4           8          13   4.24978271273399     
  1.015512167599927E-003 -7.832543744348987E-004           1           5
           4           9          13   4.31888537819871     
  1.035130321235370E-003  3.862170743810439E-004           1           5
           4          10          13   4.51139738706255     
  1.260320085969446E-003  4.629859517093587E-004           1           5
           4          11          13   5.01039875706281     
  1.035130321235391E-003  3.862170743810480E-004           1           5
           4          12          13   5.04898434460483     
 -3.031239742896887E-003 -3.015188223868878E-003           1           5
           4          13          13   5.51903933794474     
 -3.812510801189125E-003 -3.791354727572414E-003           1           5
           4          14          13   5.52924177531926     
 -3.031239742896903E-003 -3.015188223868897E-003           1           5
           4          15          13   5.56141040871059     
  1.415748099111251E-002 -7.641204386206961E-003           1           5
           4          16          13   5.64831455923676     
  1.796491799871854E-002 -9.721195539768742E-003           1           5
           4          17          13   6.03628971748550     
  1.415748099111251E-002 -7.641204386206957E-003           1           5
           4          18          13   6.28145924296382     
 -2.041980643374896E-004 -1.685730745232551E-004           1           5
           4          19          13   6.40155044174830     
 -2.438584267586011E-004 -2.003068355476960E-004           1           5
           4          20          13   6.42387715243257     
 -2.041980643374979E-004 -1.685730745232598E-004           1           5
           4          21          13   6.75378870462729     
 -3.802760466124011E-004 -1.929704295814537E-003           1           5
           4          22          13   6.82410996202544     
 -4.816862397784963E-004 -2.502493757712717E-003           1           5
           4          23          13   7.02432004451180     
 -3.802760466123889E-004 -1.929704295814533E-003           1           5
           4          24          13   7.59435154266526     
  0.521288269950438       6.581045968684926E-019           1           5
           4          25          13   7.69143266682475     
  0.674899958522899       1.251888282134439E-006           1           5
           4          26          13   8.10565780834813     
  0.521288269950438       0.000000000000000E+000           1           5
           4          27          13   8.89529881251409     
 -1.116610560395301E-004  1.694193629788717E-004           1           3
           2           1          14  0.377204065323011     
 -1.315104067619224E-004  1.848005173435262E-004           1           3
           2           2          14   1.74999740860050     
 -1.116610560395329E-004  1.694193629788746E-004           1           3
           2           3          14   2.18067842299634     
  5.730259221743325E-004  5.714507435860398E-004           1           5
           4           4          14   2.54839622458683     
  7.291744678607799E-004  7.363709517191499E-004           1           5
           4           5          14   2.89092204862599     
  5.730259221743097E-004  5.714507435860221E-004           1           5
           4           6          14   3.80230870302308     
 -1.032786954216208E-003  8.265841175187735E-004           1           5
           4           7          14   4.08619697282029     
 -1.331740405623306E-003  1.075633115169427E-003           1           5
           4           8          14   4.24978271273398     
 -1.032786954216202E-003  8.265841175187667E-004           1           5
           4           9          14   4.31852008551367     
 -1.082570120704916E-003 -3.902757733441601E-004           1           5
           4          10          14   4.51066140499604     
 -1.314312351141755E-003 -4.680434915862008E-004           1           5
           4          11          14   5.01016298461349     
 -1.082570120704942E-003 -3.902757733441710E-004           1           5
           4          12          14   5.04880529789736     
  3.089631376916329E-003  3.048510586848236E-003           1           5
           4          13          14   5.50766614801102     
  3.884732689546924E-003  3.832324052745812E-003           1           5
           4          14          14   5.52924177531925     
  3.089631376916309E-003  3.048510586848217E-003           1           5
           4          15          14   5.56141040871059     
 -1.430004926365377E-002  7.792282939752146E-003           1           5
           4          16          14   5.64831455923676     
 -1.812976867383622E-002  9.895470273331141E-003           1           5
           4          17          14   6.03378514115446     
 -1.430004926365376E-002  7.792282939752130E-003           1           5
           4          18          14   6.28145046189581     
  2.209692794648602E-004  1.827837334814882E-004           1           5
           4          19          14   6.40150846458997     
  2.617400261968067E-004  2.152772163985389E-004           1           5
           4          20          14   6.42387489373766     
  2.209692794648647E-004  1.827837334814919E-004           1           5
           4          21          14   6.75378870462729     
  3.739581350031285E-004  2.073490638270740E-003           1           5
           4          22          14   6.82402957232107     
  4.742172327416672E-004  2.664784072112273E-003           1           5
           4          23          14   7.02432004451180     
  3.739581350031633E-004  2.073490638270748E-003           1           5
           4          24          14   7.59416330450777     
 -0.521281799676187      -7.095303169810531E-019           1           5
           4          25          14   7.69137071935794     
 -0.674889662632112      -8.367446818466934E-007           1           5
           4          26          14   8.10565780834813     
 -0.521281799676186       0.000000000000000E+000           1           5
           4          27          14   8.89529867479207     
 -1.158999535057591E-004  1.666618024094908E-004           1           3
           2           1          15  0.377157912297319     
 -1.365743103135370E-004  1.815900523188913E-004           1           3
           2           2          15   1.74999740860050     
 -1.158999535057692E-004  1.666618024095329E-004           1           3
           2           3          15   2.16811314124240     
  6.352282469813158E-004  6.540310325082937E-004           1           5
           4           4          15   2.54839611722264     
  7.989480370105821E-004  8.271013264348231E-004           1           5
           4           5          15   2.87921279182349     
  6.352282469813228E-004  6.540310325082997E-004           1           5
           4           6          15   3.80220581070672     
 -1.050572249540006E-003  8.711966727760907E-004           1           5
           4           7          15   4.08619697282029     
 -1.353555036707538E-003  1.128173363355436E-003           1           5
           4           8          15   4.24978271273398     
 -1.050572249540019E-003  8.711966727761012E-004           1           5
           4           9          15   4.31815389788814     
 -1.131414863672621E-003 -3.944541291104109E-004           1           5
           4          10          15   4.50992652576402     
 -1.369903467033821E-003 -4.732501894275349E-004           1           5
           4          11          15   5.00991859979818     
 -1.131414863672614E-003 -3.944541291104116E-004           1           5
           4          12          15   5.04862286927774     
  3.149750166141213E-003  3.082817715398446E-003           1           5
           4          13          15   5.49641407001627     
  3.959090726419623E-003  3.874504054616658E-003           1           5
           4          14          15   5.52924177531926     
  3.149750166141226E-003  3.082817715398460E-003           1           5
           4          15          15   5.56141040871059     
 -1.444683378557363E-002  7.947834193651672E-003           1           5
           4          16          15   5.64831455923677     
 -1.829949360114811E-002  1.007490363026550E-002           1           5
           4          17          15   6.03142278203693     
 -1.444683378557361E-002  7.947834193651658E-003           1           5
           4          18          15   6.28144221272854     
  2.382376030975217E-004  1.974154533231065E-004           1           5
           4          19          15   6.40146861961719     
  2.801516157050552E-004  2.306911514236868E-004           1           5
           4          20          15   6.42387275476075     
  2.382376030975229E-004  1.974154533231081E-004           1           5
           4          21          15   6.75378870462729     
  3.674543495465149E-004  2.221536088243911E-003           1           5
           4          22          15   6.82395200647283     
  4.665284367538969E-004  2.831881127900693E-003           1           5
           4          23          15   7.02432004451181     
  3.674543495465042E-004  2.221536088243910E-003           1           5
           4          24          15   7.59397947001002     
 -0.521274987071878       6.399459638486032E-019           1           5
           4          25          15   7.69131047303242     
 -0.674878866717032      -4.093159522233335E-007           1           5
           4          26          15   8.10565780834812     
 -0.521274987071878       0.000000000000000E+000           1           5
           4          27          15   8.89529853942635     
  6.237412177296445E-004  1.404173480719239E-004           1           3
           2           1          16  0.379109814807346     
  7.332461191239563E-004  1.686543896768189E-004           1           3
           2           2          16   1.75034470676146     
  6.237412177293692E-004  1.404173480717775E-004           1           3
           2           3          16   1.97290312354808     
  1.218217216818655E-003  1.912627890061509E-004           1           5
           4           4          16   2.54847321120281     
  1.422049400013749E-003  2.185184273883957E-004           1           5
           4           5          16   2.69524918074823     
  1.218217216818586E-003  1.912627890061628E-004           1           5
           4           6          16   4.01364063372674     
 -3.644182709469572E-004 -7.305646896890586E-005           1           5
           4           7          16   4.07852684403920     
 -4.347244396642265E-004 -8.745482138699268E-005           1           5
           4           8          16   4.21821537141874     
 -3.644182709468885E-004 -7.305646896877825E-005           1           5
           4           9          16   4.41236782643813     
 -1.413860348406088E-005 -2.461561957641627E-004           1           5
           4          10          16   4.87690681653594     
 -1.798814307661271E-005 -2.977708677786837E-004           1           5
           4          11          16   4.99146105580781     
 -1.413860348418910E-005 -2.461561957639265E-004           1           5
           4          12          16   5.04275802023385     
  1.570013556415790E-003  9.033673242661525E-004           1           5
           4          13          16   5.47665346347294     
  2.011632610162385E-003  1.146054688244876E-003           1           5
           4          14          16   5.57683501402744     
  1.570013556415748E-003  9.033673242662907E-004           1           5
           4          15          16   5.64854619392690     
 -5.717732775099043E-004  1.656934575198360E-003           1           5
           4          16          16   5.67017161483823     
 -7.108364517201871E-004  2.064968467698892E-003           1           5
           4          17          16   5.67581541649262     
 -5.717732775099142E-004  1.656934575198427E-003           1           5
           4          18          16   6.31582772945479     
 -2.296971537878253E-003  2.342977812601736E-003           1           5
           4          19          16   6.40810088919818     
 -2.906494727338331E-003  2.971119439873426E-003           1           5
           4          20          16   6.42598682216645     
 -2.296971537878223E-003  2.342977812601968E-003           1           5
           4          21          16   6.83236401578498     
  0.319663092960798       0.412068617380688                1           5
           4          22          16   6.86550573196535     
  0.413874938196751       0.533514975585554                1           5
           4          23          16   6.92170603820187     
  0.319663092960798       0.412068617380687                1           5
           4          24          16   7.62957885018396     
  2.900728927194003E-003 -5.277648892629808E-017           1           5
           4          25          16   7.63608027807562     
  3.685054279557504E-003 -1.750771531728499E-005           1           5
           4          26          16   8.12744380162910     
  2.900728927194128E-003  0.000000000000000E+000           1           5
           4          27          16   8.90001181303310     
  6.286595290733749E-004  1.437208128749709E-004           1           3
           2           1          17  0.379101509976312     
  7.392335169607610E-004  1.725374568343948E-004           1           3
           2           2          17   1.75034470676147     
  6.286595290733690E-004  1.437208128749092E-004           1           3
           2           3          17   1.96733444160158     
  1.177591382843684E-003  1.979834191970869E-004           1           5
           4           4          17   2.54847313535741     
  1.376025826957491E-003  2.265438306949730E-004           1           5
           4           5          17   2.69435183955015     
  1.177591382843831E-003  1.979834191971163E-004           1           5
           4           6          17   4.01364063372674     
 -3.767842495622044E-004 -7.406226792169301E-005           1           5
           4           7          17   4.07752029809868     
 -4.482522950000640E-004 -8.887601352831244E-005           1           5
           4           8          17   4.21821537141874     
 -3.767842495622790E-004 -7.406226792174314E-005           1           5
           4           9          17   4.40471515217947     
 -1.224925355251879E-005 -2.284548997302616E-004           1           5
           4          10          17   4.87531458718544     
 -1.556264884467075E-005 -2.778969315647993E-004           1           5
           4          11          17   4.99122540785680     
 -1.224925355255465E-005 -2.284548997299930E-004           1           5
           4          12          17   5.04270444765093     
  1.614579869828244E-003  9.103568368586694E-004           1           5
           4          13          17   5.47543243563309     
  2.063485478729074E-003  1.155174773363677E-003           1           5
           4          14          17   5.57683501402745     
  1.614579869828208E-003  9.103568368585757E-004           1           5
           4          15          17   5.64854619392690     
 -5.784994352077786E-004  1.676324930582938E-003           1           5
           4          16          17   5.66885643634982     
 -7.192156543814486E-004  2.089044734422724E-003           1           5
           4          17          17   5.67581541649262     
 -5.784994352077585E-004  1.676324930583000E-003           1           5
           4          18          17   6.31581631322058     
 -2.330578561938231E-003  2.351559033508968E-003           1           5
           4          19          17   6.40803596216678     
 -2.945898551251537E-003  2.977967705009083E-003           1           5
           4          20          17   6.42586801039688     
 -2.330578561938179E-003  2.351559033508922E-003           1           5
           4          21          17   6.83236401578498     
  0.316983953139626       0.414132686240139                1           5
           4          22          17   6.86550573196536     
  0.410405918439296       0.536186929422366                1           5
           4          23          17   6.92135365907626     
  0.316983953139626       0.414132686240139                1           5
           4          24          17   7.62955892534864     
  2.937177452201423E-003  2.190154244991705E-018           1           5
           4          25          17   7.63604270087516     
  3.727393921836761E-003 -1.488899558458188E-005           1           5
           4          26          17   8.12744380162910     
  2.937177452201355E-003  0.000000000000000E+000           1           5
           4          27          17   8.90001115679249     
  6.370282637894676E-004  1.492608886573876E-004           1           3
           2           1          18  0.379087404037019     
  7.494219966903723E-004  1.790558028447002E-004           1           3
           2           2          18   1.75034470676146     
  6.370282637892617E-004  1.492608886570980E-004           1           3
           2           3          18   1.95789580543541     
  1.108587465361061E-003  2.078080866377906E-004           1           5
           4           4          18   2.54847300791162     
  1.297846639503194E-003  2.383583143646003E-004           1           5
           4           5          18   2.69285881705938     
  1.108587465360918E-003  2.078080866377748E-004           1           5
           4           6          18   4.01364063372674     
 -3.978186752445096E-004 -7.600130708728161E-005           1           5
           4           7          18   4.07572986566273     
 -4.712600218388193E-004 -9.152992510889575E-005           1           5
           4           8          18   4.21821537141874     
 -3.978186752445175E-004 -7.600130708725511E-005           1           5
           4           9          18   4.39195602689454     
 -9.639562855884737E-006 -1.983561127077775E-004           1           5
           4          10          18   4.87275561091483     
 -1.212386252386898E-005 -2.440964211327343E-004           1           5
           4          11          18   4.99085705269343     
 -9.639562855919235E-006 -1.983561127077129E-004           1           5
           4          12          18   5.04262063463066     
  1.690545269600066E-003  9.230284721077005E-004           1           5
           4          13          18   5.47342908545619     
  2.151894783650769E-003  1.171538193112352E-003           1           5
           4          14          18   5.57683501402745     
  1.690545269600022E-003  9.230284721077145E-004           1           5
           4          15          18   5.64854619392691     
 -5.899368275814850E-004  1.709428834105548E-003           1           5
           4          16          18   5.66675924632109     
 -7.334612205467692E-004  2.130148844099177E-003           1           5
           4          17          18   5.67581541649262     
 -5.899368275815339E-004  1.709428834105555E-003           1           5
           4          18          18   6.31579770473483     
 -2.387276776728292E-003  2.366222194409765E-003           1           5
           4          19          18   6.40792857732023     
 -3.012223761673294E-003  2.989801659315922E-003           1           5
           4          20          18   6.42567666863968     
 -2.387276776728169E-003  2.366222194409765E-003           1           5
           4          21          18   6.83236401578497     
  0.312554085048512       0.417485400254380                1           5
           4          22          18   6.86550573196535     
  0.404670010734226       0.540527004175706                1           5
           4          23          18   6.92077847764111     
  0.312554085048511       0.417485400254379                1           5
           4          24          18   7.62952577572226     
  2.999358853185409E-003 -6.041658505721115E-019           1           5
           4          25          18   7.63598162677469     
  3.799574310135903E-003 -1.055708724369524E-005           1           5
           4          26          18   8.12744380162910     
  2.999358853185372E-003  0.000000000000000E+000           1           5
           4          27          18   8.90001007576245     
  3.731293876237232E-003  2.847862856682487E-002           1           3
           2           1          19   2.09169240483754     
  4.731482381382900E-003  3.254143625492526E-002           1           3
           2           2          19   2.27452820478720     
  3.731293876237240E-003  2.847862856682476E-002           1           3
           2           3          19   2.79665218724173     
 -1.515728199340662E-002 -8.145781656300548E-003           1           5
           4           4          19   3.11832175909207     
 -1.987101042129505E-002 -9.920849609722612E-003           1           5
           4           5          19   3.81167131900040     
 -1.515728199340652E-002 -8.145781656300567E-003           1           5
           4           6          19   3.92550482049348     
 -9.998838820951962E-003  1.074285256022841E-002           1           5
           4           7          19   4.08390142359373     
 -1.361457392796116E-002  1.319310653701230E-002           1           5
           4           8          19   4.24678572339890     
 -9.998838820951921E-003  1.074285256022839E-002           1           5
           4           9          19   4.44740951814808     
 -0.372956364905357      -8.349927018062056E-002           1           5
           4          10          19   4.76458418288868     
 -0.505739942062015      -0.113194181207716                1           5
           4          11          19   5.00598645732679     
 -0.372956364905358      -8.349927018062074E-002           1           5
           4          12          19   5.05398547536353     
 -0.152660217830505      -5.768916257857800E-002           1           5
           4          13          19   5.36316980467167     
 -0.191499369915987      -7.291242094766141E-002           1           5
           4          14          19   5.42337056757643     
 -0.152660217830505      -5.768916257857772E-002           1           5
           4          15          19   5.56677539830650     
 -0.210609499205511      -0.142969474042787                1           5
           4          16          19   5.59258430361069     
 -0.266995697044528      -0.181273583075969                1           5
           4          17          19   5.71557166087260     
 -0.210609499205511      -0.142969474042787                1           5
           4          18          19   5.73147065586607     
  1.741926812244852E-002 -2.964053412695222E-003           1           5
           4          19          19   6.21339982148806     
  1.995826460415890E-002 -3.768630843480657E-003           1           5
           4          20          19   6.31406714855133     
  1.741926812244855E-002 -2.964053412695199E-003           1           5
           4          21          19   6.44552732213806     
 -1.333473531374946E-003  3.289391349978853E-002           1           5
           4          22          19   6.81488467046967     
 -1.737323807255893E-003  4.160848378258320E-002           1           5
           4          23          19   6.85789430641898     
 -1.333473531374674E-003  3.289391349978803E-002           1           5
           4          24          19   6.89969823861157     
 -0.167605149055292      -9.377442157914493E-017           1           5
           4          25          19   7.61930649728811     
 -0.211077241681948       2.408383595287302E-004           1           5
           4          26          19   7.64415206841928     
 -0.167605149055291       0.000000000000000E+000           1           5
           4          27          19   7.68253540375906     
 -2.074505391824366E-003 -2.178577774823926E-002           1           3
           2           1          20   2.05269104514909     
 -2.772675158063868E-003 -2.450930168311226E-002           1           3
           2           2          20   2.22519787815051     
 -2.074505391824391E-003 -2.178577774823976E-002           1           3
           2           3          20   2.79661474657866     
  7.116355186523444E-003  5.989935578382705E-003           1           5
           4           4          20   3.11832175909207     
  9.862855540125174E-003  7.242287662902088E-003           1           5
           4           5          20   3.81024345198321     
  7.116355186523525E-003  5.989935578382675E-003           1           5
           4           6          20   3.92335360874529     
  4.898203146879089E-003 -7.813716381038449E-003           1           5
           4           7          20   4.08390142359373     
  7.191223703527592E-003 -9.533211953233901E-003           1           5
           4           8          20   4.24678572339890     
  4.898203146879065E-003 -7.813716381038442E-003           1           5
           4           9          20   4.44735027779352     
  0.444193892239724       9.893419728322514E-002           1           5
           4          10          20   4.76362836299054     
  0.598971455229979       0.133383913925396                1           5
           4          11          20   5.00583838743063     
  0.444193892239724       9.893419728322517E-002           1           5
           4          12          20   5.05395623584171     
  0.103978642496639       3.947174725217113E-002           1           5
           4          13          20   5.36316980467167     
  0.129494838957703       4.963206411479588E-002           1           5
           4          14          20   5.42319429706916     
  0.103978642496640       3.947174725217125E-002           1           5
           4          15          20   5.56574874905703     
  0.147456810099538       0.100123264628199                1           5
           4          16          20   5.59258430361069     
  0.186131073347876       0.126411110144097                1           5
           4          17          20   5.70300439623348     
  0.147456810099539       0.100123264628199                1           5
           4          18          20   5.73147065586607     
 -1.108185433259235E-002  2.313286444065263E-003           1           5
           4          19          20   6.21339792061061     
 -1.227077658546063E-002  3.003042358458851E-003           1           5
           4          20          20   6.31406035479520     
 -1.108185433259218E-002  2.313286444065235E-003           1           5
           4          21          20   6.44551044409604     
  8.135035084962166E-004 -2.181944735572397E-002           1           5
           4          22          20   6.81488467046968     
  1.077599023528487E-003 -2.762437058261295E-002           1           5
           4          23          20   6.85789430641899     
  8.135035084957801E-004 -2.181944735572412E-002           1           5
           4          24          20   6.89969823861157     
  0.114255108667348       1.431763515074569E-017           1           5
           4          25          20   7.61930542626145     
  0.143782377568951      -1.719046357540043E-004           1           5
           4          26          20   7.64408429429630     
  0.114255108667349       0.000000000000000E+000           1           5
           4          27          20   7.68238280298831     
 -5.082200855912001E-004 -9.254818789720875E-003           1           3
           2           1          21   1.95533001609535     
 -8.479887758893117E-004 -9.875724111410075E-003           1           3
           2           2          21   2.18800035207612     
 -5.082200855912073E-004 -9.254818789721028E-003           1           3
           2           3          21   2.79657352924317     
 -1.648303521804473E-003  2.705442640112139E-003           1           5
           4           4          21   3.11832175909207     
 -1.332268110859624E-003  3.218470538426694E-003           1           5
           4           5          21   3.80823897796648     
 -1.648303521804407E-003  2.705442640112097E-003           1           5
           4           6          21   3.92052283551921     
 -2.922625182200039E-004 -3.373904444470868E-003           1           5
           4           7          21   4.08390142359373     
  3.699556293488985E-004 -4.050483287291714E-003           1           5
           4           8          21   4.24678572339890     
 -2.922625182198284E-004 -3.373904444470836E-003           1           5
           4           9          21   4.44726785902693     
  0.495648496678822       0.109808842834841                1           5
           4          10          21   4.76227277331367     
  0.659069895832710       0.146004627816479                1           5
           4          11          21   5.00562574464556     
  0.495648496678822       0.109808842834841                1           5
           4          12          21   5.05391432880206     
  3.453951224328378E-002  1.391476318160768E-002           1           5
           4          13          21   5.36316980467167     
  4.191815463322313E-002  1.721659407807895E-002           1           5
           4          14          21   5.42291632824580     
  3.453951224328376E-002  1.391476318160719E-002           1           5
           4          15          21   5.56396775718996     
  5.782453877561235E-002  3.937791175160079E-002           1           5
           4          16          21   5.59258430361069     
  7.217200398935389E-002  4.918048608278533E-002           1           5
           4          17          21   5.68580164898766     
  5.782453877561237E-002  3.937791175160092E-002           1           5
           4          18          21   5.73147065586607     
 -1.014915023445571E-003  1.651958051211880E-003           1           5
           4          19          21   6.21339539735381     
 -2.931800306791596E-004  2.184900611058942E-003           1           5
           4          20          21   6.31405123029208     
 -1.014915023446084E-003  1.651958051211860E-003           1           5
           4          21          21   6.44548753010445     
  3.698972618675463E-004 -7.556050728230543E-003           1           5
           4          22          21   6.81488467046967     
  4.986906423072287E-004 -9.591074712662816E-003           1           5
           4          23          21   6.85789430641898     
  3.698972618670944E-004 -7.556050728230171E-003           1           5
           4          24          21   6.89969823861157     
  4.113724088615325E-002  6.314377093947234E-017           1           5
           4          25          21   7.61930389561171     
  5.167647078629462E-002 -6.948852372527017E-005           1           5
           4          26          21   7.64398768195662     
  4.113724088615314E-002  0.000000000000000E+000           1           5
           4          27          21   7.68216811958643     
  5.321031912012262E-005 -3.289341856084510E-004           1           3
           2           1          22  0.379619056014602     
  8.520331760487258E-005 -3.709958192699107E-004           1           3
           2           2          22   1.74998308061154     
  5.321031912010039E-005 -3.289341856084969E-004           1           3
           2           3          22   2.16111966202522     
  5.245707877287954E-004 -2.794547200387325E-004           1           5
           4           4          22   2.54842779542134     
  7.429552602813969E-004 -3.200677466229599E-004           1           5
           4           5          22   3.53095382871915     
  5.245707877284635E-004 -2.794547200387359E-004           1           5
           4           6          22   3.87149408268884     
  4.927688387165091E-004  2.907188778769272E-003           1           5
           4           7          22   3.93468307178918     
  5.842336482151459E-004  3.711091760620553E-003           1           5
           4           8          22   4.03352835483985     
  4.927688387166044E-004  2.907188778769438E-003           1           5
           4           9          22   4.29720902819348     
 -7.818923700008440E-005  1.943189547810843E-005           1           5
           4          10          22   4.45207980956624     
 -7.747282902587332E-005  4.487772791284646E-005           1           5
           4          11          22   4.98054747251299     
 -7.818923700022968E-005  1.943189547809604E-005           1           5
           4          12          22   5.11444701173378     
 -1.293524992584272E-002 -7.078150150557899E-003           1           5
           4          13          22   5.43355572327641     
 -1.647132170060588E-002 -9.098934192428926E-003           1           5
           4          14          22   5.52585961640135     
 -1.293524992584244E-002 -7.078150150557802E-003           1           5
           4          15          22   5.54240223185889     
  0.392836590122664      -0.342613707705169                1           5
           4          16          22   5.62352188078575     
  0.508731889373535      -0.443697578920907                1           5
           4          17          22   5.81781596808708     
  0.392836590122664      -0.342613707705168                1           5
           4          18          22   6.25466524372117     
  1.941330788970959E-004 -3.246177764411335E-004           1           5
           4          19          22   6.40047439048073     
  2.093319424650622E-004 -3.261229110783430E-004           1           5
           4          20          22   6.41736873323544     
  1.941330788969887E-004 -3.246177764409925E-004           1           5
           4          21          22   6.84266140646920     
 -5.622696677204418E-004  2.829121863480806E-005           1           5
           4          22          22   6.90017142179912     
 -7.067470637004035E-004  3.989636724584307E-005           1           5
           4          23          22   6.90904607799502     
 -5.622696677206307E-004  2.829121863482007E-005           1           5
           4          24          22   7.63168493434323     
  5.118837417348455E-003  4.885203684336140E-017           1           5
           4          25          22   7.64710088299178     
  6.219201657077021E-003 -3.908902279881070E-005           1           5
           4          26          22   8.12193232033044     
  5.118837417348134E-003  0.000000000000000E+000           1           5
           4          27          22   8.89903501749670     
  6.114825226768701E-005 -3.283585152820921E-004           1           3
           2           1          23  0.379204599157859     
  9.463177511917866E-005 -3.698195940252894E-004           1           3
           2           2          23   1.74998308061155     
  6.114825226802019E-005 -3.283585152818310E-004           1           3
           2           3          23   2.16101313183559     
  6.233125623037775E-004 -2.439279713571213E-004           1           5
           4           4          23   2.54842187993824     
  8.515883368521102E-004 -2.798174120846187E-004           1           5
           4           5          23   3.52575697868935     
  6.233125623037412E-004 -2.439279713571365E-004           1           5
           4           6          23   3.87130553616603     
  4.327336969215751E-004  2.956845467353601E-003           1           5
           4           7          23   3.93464537940938     
  5.140187343737883E-004  3.765851669097650E-003           1           5
           4           8          23   4.03352835483985     
  4.327336969215445E-004  2.956845467353544E-003           1           5
           4           9          23   4.29687581413250     
 -6.909278029796626E-005  3.598073066772769E-005           1           5
           4          10          23   4.45207980956624     
 -7.004493262585544E-005  6.284093282876179E-005           1           5
           4          11          23   4.98054614119416     
 -6.909278029784574E-005  3.598073066775451E-005           1           5
           4          12          23   5.11434202278754     
 -1.300631582383614E-002 -7.357227835641660E-003           1           5
           4          13          23   5.43355572327641     
 -1.654075714242866E-002 -9.427904669073894E-003           1           5
           4          14          23   5.52566334256426     
 -1.300631582383625E-002 -7.357227835641804E-003           1           5
           4          15          23   5.54240223185889     
  0.395678396330667      -0.339338117455623                1           5
           4          16          23   5.62352188078575     
  0.512388813199890      -0.439434754278762                1           5
           4          17          23   5.81591862746542     
  0.395678396330668      -0.339338117455624                1           5
           4          18          23   6.25466486739258     
  1.640238590208998E-004 -2.555059794021270E-004           1           5
           4          19          23   6.40046942641572     
  1.763908414579031E-004 -2.508159408237883E-004           1           5
           4          20          23   6.41736562492522     
  1.640238590210176E-004 -2.555059794024539E-004           1           5
           4          21          23   6.84266140646920     
 -5.484261238106088E-004  2.997910322209117E-005           1           5
           4          22          23   6.90008564759207     
 -6.903276867621870E-004  4.164066539203083E-005           1           5
           4          23          23   6.90904607799503     
 -5.484261238101815E-004  2.997910322210210E-005           1           5
           4          24          23   7.63167088492154     
  4.981442459054769E-003  4.604437216187893E-017           1           5
           4          25          23   7.64706805199870     
  6.069912998904060E-003 -3.350830688236477E-005           1           5
           4          26          23   8.12193232033045     
  4.981442459054937E-003  0.000000000000000E+000           1           5
           4          27          23   8.89903498389022     
  7.479097962682978E-005 -3.270700435330549E-004           1           3
           2           1          24  0.378509593840839     
  1.107983926847922E-004 -3.674370466788320E-004           1           3
           2           2          24   1.74998308061155     
  7.479097962674380E-005 -3.270700435331346E-004           1           3
           2           3          24   2.16083342403320     
  7.877729204279381E-004 -1.798822844856880E-004           1           5
           4           4          24   2.54841186323227     
  1.032512372077256E-003 -2.072275788374758E-004           1           5
           4           5          24   3.51705238544045     
  7.877729204277760E-004 -1.798822844856893E-004           1           5
           4           6          24   3.87100169285059     
  3.270435385087964E-004  3.038642494156795E-003           1           5
           4           7          24   3.93458479901521     
  3.902072239757381E-004  3.856014264369914E-003           1           5
           4           8          24   4.03352835483985     
  3.270435385088413E-004  3.038642494156909E-003           1           5
           4           9          24   4.29632906341329     
 -5.453599438996472E-005  6.400368579534899E-005           1           5
           4          10          24   4.45207980956625     
 -5.836776493128204E-005  9.317159117541096E-005           1           5
           4          11          24   4.98054392776906     
 -5.453599439039229E-005  6.400368579527824E-005           1           5
           4          12          24   5.11416739261892     
 -1.310852438110197E-002 -7.842889410466861E-003           1           5
           4          13          24   5.43355572327641     
 -1.663657761618410E-002 -1.000124624902199E-002           1           5
           4          14          24   5.52533339182431     
 -1.310852438110198E-002 -7.842889410466902E-003           1           5
           4          15          24   5.54240223185889     
  0.400740608640139      -0.333361853369459                1           5
           4          16          24   5.62352188078574     
  0.518904648573287      -0.431661336728112                1           5
           4          17          24   5.81278515323133     
  0.400740608640138      -0.333361853369458                1           5
           4          18          24   6.25466425129938     
  1.111545508817787E-004 -1.407129670688666E-004           1           5
           4          19          24   6.40046126902082     
  1.185303945058107E-004 -1.257383404668321E-004           1           5
           4          20          24   6.41736052194836     
  1.111545508817293E-004 -1.407129670687732E-004           1           5
           4          21          24   6.84266140646920     
 -5.254105234073569E-004  3.275976066335343E-005           1           5
           4          22          24   6.89994410475218     
 -6.630326180066142E-004  4.446457194924204E-005           1           5
           4          23          24   6.90904607799503     
 -5.254105234070287E-004  3.275976066330476E-005           1           5
           4          24          24   7.63164751178872     
  4.751934779216702E-003 -7.778903950594685E-017           1           5
           4          25          24   7.64701387039542     
  5.820460377391559E-003 -2.344920184906850E-005           1           5
           4          26          24   8.12193232033044     
  4.751934779216403E-003  0.000000000000000E+000           1           5
           4          27          24   8.89903492816734     
  6.653566730355420E-005  3.058317416121582E-004           1           3
           2           1          25  0.377088081949858     
  8.330911260466362E-005  3.377069276931553E-004           1           3
           2           2          25   1.74997188537053     
  6.653566730355584E-005  3.058317416122207E-004           1           3
           2           3          25   2.38958335024841     
 -8.754625313314488E-004  3.460078179183448E-003           1           5
           4           4          25   2.54839498112526     
 -1.116842936019583E-003  4.362499488146488E-003           1           5
           4           5          25   2.84804786315626     
 -8.754625313314556E-004  3.460078179183423E-003           1           5
           4           6          25   4.00101330048134     
  1.827993375411396E-003  6.298872243774426E-005           1           5
           4           7          25   4.12749821432040     
  2.260437584563253E-003  7.280732903042312E-005           1           5
           4           8          25   4.25679948890385     
  1.827993375411363E-003  6.298872243775721E-005           1           5
           4           9          25   4.26466511435890     
 -1.873137018387820E-003 -2.629430305152959E-003           1           5
           4          10          25   4.52956806039402     
 -2.386849314979488E-003 -3.334636309820395E-003           1           5
           4          11          25   5.01688890118264     
 -1.873137018387796E-003 -2.629430305152964E-003           1           5
           4          12          25   5.05212653721392     
 -0.447305058680040       0.267732457751902                1           5
           4          13          25   5.48930538480012     
 -0.579109992542547       0.346623562339851                1           5
           4          14          25   5.55504461678256     
 -0.447305058680040       0.267732457751902                1           5
           4          15          25   5.57096402065912     
 -1.945820999157963E-003  1.493082640930127E-002           1           5
           4          16          25   5.62485679965673     
 -2.462568735739258E-003  1.891802467460714E-002           1           5
           4          17          25   5.70851136748011     
 -1.945820999158028E-003  1.493082640930163E-002           1           5
           4          18          25   6.28596460044106     
 -6.190548140425275E-004 -2.630750415633117E-004           1           5
           4          19          25   6.40393748794342     
 -7.491875565616532E-004 -3.180025225223903E-004           1           5
           4          20          25   6.41875844063875     
 -6.190548140426042E-004 -2.630750415633596E-004           1           5
           4          21          25   6.83335991713461     
  7.696694901747306E-004  6.171061171066124E-005           1           5
           4          22          25   6.83652312934138     
  9.653518335451032E-004  8.129881875886952E-005           1           5
           4          23          25   6.87675206331078     
  7.696694901752900E-004  6.171061171067197E-005           1           5
           4          24          25   7.63088445836675     
  3.431752516143465E-003 -1.469753255225260E-017           1           5
           4          25          25   7.64004535675374     
  4.309692034824260E-003  4.758779120145884E-007           1           5
           4          26          25   8.11030115821273     
  3.431752516143480E-003  0.000000000000000E+000           1           5
           4          27          25   8.89647372627897     
  6.643876522364692E-005  3.062561707359806E-004           1           3
           2           1          26  0.377086965374707     
  8.318047038915716E-005  3.382156942674746E-004           1           3
           2           2          26   1.74997188537052     
  6.643876522362073E-005  3.062561707359157E-004           1           3
           2           3          26   2.38844672712522     
 -8.808059698148410E-004  3.464855991253309E-003           1           5
           4           4          26   2.54839493204830     
 -1.122698397881024E-003  4.367744262963952E-003           1           5
           4           5          26   2.84778059075292     
 -8.808059698148138E-004  3.464855991253354E-003           1           5
           4           6          26   4.00076123398015     
  1.826013352332207E-003  6.073216653047873E-005           1           5
           4           7          26   4.12749821432039     
  2.258380911836551E-003  7.034509259202304E-005           1           5
           4           8          26   4.25679948890385     
  1.826013352332286E-003  6.073216653045362E-005           1           5
           4           9          26   4.26173369648638     
 -1.871911979723481E-003 -2.622554598081475E-003           1           5
           4          10          26   4.52864350998009     
 -2.385491687456220E-003 -3.327117602145779E-003           1           5
           4          11          26   5.01686128196334     
 -1.871911979723563E-003 -2.622554598081423E-003           1           5
           4          12          26   5.05211776911427     
 -0.447299412876045       0.267741410528775                1           5
           4          13          26   5.48824439815022     
 -0.579102653437437       0.346635146248222                1           5
           4          14          26   5.55504461678256     
 -0.447299412876044       0.267741410528775                1           5
           4          15          26   5.57096402065912     
 -1.945220682326175E-003  1.493975376723067E-002           1           5
           4          16          26   5.62485679965673     
 -2.461869004603238E-003  1.892821906136911E-002           1           5
           4          17          26   5.70706135762716     
 -1.945220682326175E-003  1.493975376723055E-002           1           5
           4          18          26   6.28596400992625     
 -6.205212224817688E-004 -2.648930571995874E-004           1           5
           4          19          26   6.40390445363060     
 -7.507062819819387E-004 -3.198813550995698E-004           1           5
           4          20          26   6.41871328571960     
 -6.205212224818528E-004 -2.648930571996381E-004           1           5
           4          21          26   6.83334202853660     
  7.742149879373910E-004  6.579090476974241E-005           1           5
           4          22          26   6.83652312934139     
  9.704941238112865E-004  8.585463076679593E-005           1           5
           4          23          26   6.87675206331078     
  7.742149879375862E-004  6.579090476973834E-005           1           5
           4          24          26   7.63086996868129     
  3.434024220581670E-003  4.837928377701388E-018           1           5
           4          25          26   7.64002985846951     
  4.312486680376673E-003  4.545342860928452E-007           1           5
           4          26          26   8.11030115821273     
  3.434024220581572E-003  0.000000000000000E+000           1           5
           4          27          26   8.89647370762747     
